000_md5sum 0x6001:0x0005 0x6001:0x1731 0x6014:0x0001
e8ff38f0333b4ab09adc6044657b6653 0 1 0
79f4e87d750fbbf48a6e6ea3725fccab 0 1 0
113eef70ecdbddbc0f75c91b29051db9 0 1 0
29b581824f65d4f20471be2b22c8003b 0 1 0
ed9d7fe3ee8d430a14b18f3a5583c193 0 1 0
1e55da1fe9d5e554706d02a42f0dc715 0 1 0
b24ec8d67c7e3063e08461f177cdae3d 0 1 0
ae15751a3e675b674626a40cbcddaf69 0 1 0
f1db172fa17abf435e357619509f94c0 0 1 0
29d74124b21fea4c022272ea6efc822a 0 1 0
4b5316f7a3af5007aac41b0ace01ea82 0 1 0
9ea08e5e678f10d142b1c3331894f1ce 1 1 0
823793c544bf6d5b2319cca1a9cb1381 0 1 0
37393197eccf27339320b5032f3b4365 0 1 0
cd493c7f12b474830d5bac879fa976a3 0 1 0
01a45ce42c3445efe5ee044ff2621ab4 0 1 0
dfb17fbc956f6788035e74c0f7d9f6bc 0 1 0
9f0666fd6f36d9025744fbeab2c39df8 0 1 0
e4df459150a31fac8014926cd66d3226 0 1 0
c106d36023fc553e6a53deb1246769a6 0 1 0
f81fec77f0a398ee73d9582274e79feb 0 1 0
7d4f49fedd80387a2332b430fa6f4a6d 0 1 0
ce7cc0268055bb917be3e25c8576708b 0 1 0
871d100a783b1941cd1b8f7a209aa67e 0 1 0
a57bfa819b872d95fb8592ca650692b6 0 1 0
5b0dc311ab28331f385c796252e23373 0 1 0
c7d34d37c13634ca2deaee2132ceb12c 0 1 0
3a6832ef24d43279d067f5bbb8c37051 0 1 0
905756104c29a09ac7f97dba1a5bf9e7 0 1 0
da637027ed7209e0914eddaec38d1c9f 0 1 0
266ed50e7601b25d2af2152069d5388a 0 1 0
05e18fa79894facb8b1ad27693a51fc8 0 1 0
766d2fd49a16fdc6ba5f6b95be531f6a 0 1 0
9bd73c4b3a806f9b04f08add43bd1dc7 0 0 1
