000_md5sum 0x1000:0x0014 0x1000:0x0015 0x1000:0x0017 0x1000:0x0030 0x1000:0x005d 0x1000:0x005f 0x1000:0x10e2 0x1022:0x7901 0x10df:0xe300 0x15ad:0x07c0 0x15ad:0x07e0 0x1af4:0x1004 0x1b4b:0x9230 0x1b96:0x2500 0x6011:0x1003 0x6014:0x0002 0x8086:0x0a54 0x8086:0x2822 0x8086:0x2922 0x8086:0x43d2 0x8086:0x7010 0x8086:0x7111 0x8086:0x8c03 0x8086:0x9d03 0x8086:0xa182 0x8086:0xa186 0x8086:0xa1d2
1d9a749e55ff17ffd1782d64b550ebf3 0 0 0 0 0 0 0 0 0 1 1 0 0 0 0 0 0 0 0 0 0 1 0 0 0 0 0
327695c2bcb13186289d1e5f9398f97e 0 0 0 0 0 0 0 0 0 1 1 0 0 0 0 0 0 0 0 0 0 1 0 0 0 0 0
b4000c7a67cf83bc9490d2d359264138 0 0 0 0 0 0 0 0 0 0 0 0 0 0 0 0 0 0 0 0 0 0 0 1 0 0 0
ccdaea78b92ba07808f197cae26e07e5 0 0 0 0 0 0 0 0 0 0 0 1 0 0 0 0 0 0 0 0 1 0 0 0 0 0 0
8634db8eeac5fcdaf813c72bb1a43b6c 0 0 0 0 0 0 0 0 0 1 1 0 0 0 0 0 0 0 0 0 0 1 0 0 0 0 0
8ee04f46eb9cc8eeb0b06d2ee7db7bf2 0 0 0 0 0 0 0 0 0 0 0 0 0 0 0 0 0 0 0 0 0 0 1 0 0 0 0
8e3546aef767fb8dff5f284cac4542f0 0 0 0 0 0 0 0 0 0 1 1 0 0 0 0 0 0 0 0 0 0 1 0 0 0 0 0
ed6cae9a0d69d390f166c5a879e253ce 0 0 0 0 0 0 0 0 0 1 1 0 0 0 0 0 0 0 0 0 0 1 0 0 0 0 0
15238bb121fb98436f6e386a3c5302f8 0 0 0 0 0 0 0 0 0 1 1 0 0 0 0 0 0 0 0 0 0 1 0 0 0 0 0
c8fa977860b2823ac742234bd2b05607 0 0 0 1 0 0 0 0 0 0 1 0 0 0 0 0 0 0 0 0 0 1 0 0 0 0 0
74929fc75a12b91be4360ae7f10cbedf 0 0 0 0 0 0 0 0 0 0 0 1 0 0 0 0 0 0 0 0 1 0 0 0 0 0 0
7a6ee8c1b6f1fa57e426f7e9e838102d 0 0 0 0 0 0 1 0 0 0 0 0 0 0 0 0 0 0 0 0 0 0 0 0 1 0 1
b066fbc17d35ee187fb7adfff2fc8f77 0 0 0 0 1 0 0 0 0 0 0 0 0 0 0 0 0 0 0 0 0 0 0 0 1 0 1
0ba0987e5613845981c000e12de27eb3 0 0 0 0 0 0 0 0 0 0 0 0 0 0 0 1 0 0 1 0 0 0 0 0 0 0 0
02303b3529418dae9d20426e0c7cfd3c 0 0 0 0 0 0 0 0 0 0 0 0 0 0 0 1 0 0 1 0 0 0 0 0 0 0 0
b21f8a97134328b3a81ef80c25398d58 0 0 0 0 0 0 0 0 0 0 0 0 0 0 1 0 0 0 0 0 0 0 0 0 0 0 0
ea2b2bce4496780669466969c4bfa5e1 0 0 0 0 0 0 0 0 0 0 0 0 0 0 1 0 0 0 0 0 0 0 0 0 0 0 0
288b363b5c3ea848914bbe9829a5b477 0 0 0 0 0 0 0 1 0 0 0 0 0 0 0 0 1 0 0 0 0 0 0 0 0 0 0
61a9447f839d5a60c283ff09b9645147 0 0 0 0 0 0 1 0 0 0 0 0 0 0 0 0 0 0 0 0 0 0 0 0 1 0 1
e9519f52152eded75acb8efc2c605052 1 0 0 0 0 0 0 0 0 0 0 0 0 0 0 0 0 0 0 0 0 0 0 0 0 1 1
67633a45a97c1ce91d6a324a0ebc3467 0 0 0 0 0 0 0 0 0 0 0 0 1 1 0 0 0 0 0 0 0 0 0 0 0 0 0
24cdfc8443ca0db4ca9fb1ee6250374c 0 0 0 0 0 0 0 0 0 0 0 0 1 1 0 0 0 0 0 0 0 0 0 0 0 0 0
d09f3c56f6a3a48030a120d86cdbdc5a 0 0 0 0 0 0 0 0 0 0 0 0 1 1 0 0 0 0 0 0 0 0 0 0 0 0 0
6fe8d52bc608928e2ba260051bb2a4a9 0 0 1 0 0 0 0 0 0 0 0 0 0 0 0 0 0 0 0 0 0 0 0 0 1 0 1
ebfd7f115c1267d4e11526c938b7b668 0 0 0 0 0 0 0 0 0 0 0 0 0 0 0 1 0 0 1 0 0 0 0 0 0 0 0
8c81399a059c5612946e50bea49bc524 0 0 0 0 0 0 0 0 0 0 0 0 0 0 0 1 0 0 1 0 0 0 0 0 0 0 0
cfef68442c758bae80c80476d556ddd3 0 0 0 0 0 0 0 0 0 0 0 0 0 0 1 0 0 0 0 0 0 0 0 0 0 0 0
617b6683c13f51c0d4816599cb80e292 0 0 0 0 0 0 0 0 0 0 0 0 0 0 1 0 0 0 0 0 0 0 0 0 0 0 0
e806c32720987edbb8f1505eefe85b59 0 0 0 0 1 0 0 0 0 0 0 0 0 0 0 0 0 0 0 0 0 0 0 0 1 0 1
5f06c9bfeb3cf20d52a9ff41e88fb0d8 0 0 0 0 0 0 0 0 0 0 0 0 0 0 0 1 0 0 1 0 0 0 0 0 0 0 0
a9a525b458789264f383420c1ec1379d 0 0 0 0 0 0 0 0 0 0 0 0 0 0 0 1 0 0 1 0 0 0 0 0 0 0 0
8019475921860f3dbef3be59a4e13175 0 0 0 0 0 0 0 0 0 0 0 0 0 0 1 0 0 0 0 0 0 0 0 0 0 0 0
581b25b6f3ad09191a493c845f935f5a 0 0 0 0 0 0 0 0 0 0 0 0 0 0 1 0 0 0 0 0 0 0 0 0 0 0 0
52e13b5eef4d2aab31855d7250d84f33 0 0 0 0 0 0 0 0 0 0 0 0 0 0 0 0 0 0 0 0 0 0 0 1 0 0 0
58fda81b4e24b63c6be59a1c0039c8f0 0 0 0 0 0 0 0 0 0 0 0 0 0 0 0 0 0 1 0 0 0 0 0 0 0 0 0
774e9d043320c520c99b897b31b513f3 0 0 0 0 0 0 0 0 0 0 0 0 0 0 0 0 0 1 0 0 0 0 0 0 0 0 0
1165a82ad385ec33e3492cd5bfb87c14 0 0 1 0 0 0 0 0 0 0 0 0 0 0 0 0 0 0 0 0 0 0 0 0 1 0 1
b327c78ba224a653b0840d388f6662cb 0 0 1 0 0 0 0 0 0 0 0 0 0 0 0 0 0 0 0 0 0 0 0 0 1 0 1
dd9d1a307ab20c20ec46cb75ba2909d8 0 0 1 0 0 0 0 0 0 0 0 0 0 0 0 0 0 0 0 0 0 0 0 0 1 0 1
1468c0ca29b0da40fa38882fcef3bc0f 0 0 0 0 0 0 0 0 0 0 0 0 0 0 0 1 0 0 1 0 0 0 0 0 0 0 0
156f2ceb0e3825bde30d1611862afe6d 0 0 0 0 0 0 0 0 0 0 0 0 0 0 1 0 0 0 0 0 0 0 0 0 0 0 0
70bb15ce01e7f1ea6844e3691dea8077 0 0 0 0 0 0 0 0 0 0 0 0 0 0 1 0 0 0 0 0 0 0 0 0 0 0 0
a9d068aa1a9c31a32bdb2c1a302c3ea7 0 0 1 0 0 0 0 0 0 0 0 0 0 0 0 0 0 0 0 0 0 0 0 0 1 0 1
657168b3d12fec35376e1ce375f8e11d 0 0 0 0 0 0 0 0 0 0 0 0 0 0 0 1 0 0 1 0 0 0 0 0 0 0 0
0911c12adf2c6e57caf050b8f18260c0 0 0 0 0 0 0 0 0 0 0 0 0 0 0 0 1 0 0 1 0 0 0 0 0 0 0 0
4dadb6c071a65c46471b2a6fde54ab87 0 0 0 0 0 0 0 0 0 0 0 0 0 0 1 0 0 0 0 0 0 0 0 0 0 0 0
0ec42eb1a0e3e9f0d0b750e9faccf215 0 0 0 0 0 0 0 0 0 0 0 0 0 0 1 0 0 0 0 0 0 0 0 0 0 0 0
420026608fefe246d5aa49d3819cc4cf 0 0 0 0 0 0 1 0 0 0 0 0 0 0 0 0 0 0 0 0 0 0 0 0 1 0 1
655c9235eaa5a6c5f4ed68b2ffc8315a 0 0 0 0 0 1 0 0 1 0 0 0 0 0 0 0 0 0 0 0 0 0 0 0 1 0 1
ad0b751f73be543ff0a83429b49d4d02 0 1 0 0 0 0 0 0 0 0 0 0 0 0 0 0 0 0 0 1 0 0 0 0 0 0 0
