000_md5sum SAPBWZ ansible-command ceph-crash ceph-osd crio dockerd grafana-server kernel kubelet lvm node_exporter nrpe-ocb postfix-script prometheus prometheus-alertmanager prometheus-msteams-linux-amd rails rhn_check salt-api salt-master salt-minion skuba-update
5ba24c6f9a5de4f6806aa82880b4c08f 0 0 0 0 0 0 1 0 0 0 0 0 0 0 0 1 0 0 1 1 1 0
94fac03ddf1610cdd8cebb1262da1e8a 0 0 0 0 0 0 0 1 0 0 0 0 0 0 0 0 0 0 0 0 1 0
86beb70a132afce9e17d9ee596e512e6 0 0 0 1 0 0 0 1 0 0 0 0 0 0 0 0 0 0 0 0 1 0
02601e1d75f9faa196cdf1b2607cc75d 0 0 0 0 1 1 0 1 1 0 0 0 0 0 0 0 0 0 0 0 0 1
46da98bb470fcda947148cbce45f1c67 0 0 0 0 0 0 0 0 0 0 0 0 0 1 0 0 0 0 1 0 1 0
820be9b6355a5b3a240f7f4ad3c26f7d 0 0 0 0 0 0 0 1 1 0 0 0 0 0 0 0 0 0 0 0 1 0
e60139a47d916959a09a0341d45f5c15 1 0 0 0 0 0 0 1 0 1 0 0 0 0 0 0 0 1 0 0 0 0
9df5ce9dc855657beefe8ebbb86c43d2 0 0 0 0 0 0 0 1 0 1 0 0 0 0 1 0 0 0 0 0 1 0
553077f514cc48338dec7291a801a812 0 0 0 0 0 0 0 1 0 0 0 0 0 0 0 0 0 0 0 0 0 0
0f5b4ed74afc32f2b32976cf660b3260 0 0 0 0 1 0 0 1 1 0 0 0 1 0 0 0 0 0 0 0 0 0
71718bbfd1bdecd0d2f6ee4e5d87aaab 0 0 0 0 1 0 0 1 1 0 0 0 1 0 0 0 0 0 0 0 0 0
b6b19da87cb20611aae8cffe6b166968 0 0 0 0 0 0 0 1 0 0 0 0 0 0 0 0 0 0 0 0 0 0
a5ae02ccf89961f70b66cdfb9e7ee5be 0 0 0 0 1 0 0 1 1 1 0 0 0 0 0 0 0 0 0 0 1 0
f4b7d8f2b8281f94ed64dfb5a5af790d 0 0 0 0 1 0 0 1 1 1 0 0 0 0 0 0 0 0 0 0 1 0
222769b993c075307fcc3aab4c87ad12 0 0 0 0 1 0 0 1 1 1 0 0 0 0 0 0 0 0 0 0 1 0
04f66707d1573670a8a2985cac2b264f 0 0 0 0 0 0 0 1 1 1 0 0 0 0 0 0 0 0 0 0 1 0
5c3a8ed466ea8e930bee84674d2548eb 0 1 0 0 0 0 0 1 0 0 0 0 0 0 0 0 0 0 0 0 1 0
7617655fee8182ef973d4d6fdea5d503 0 0 0 0 0 0 0 0 0 0 0 0 0 1 1 0 1 0 1 1 1 0
56c5fd4766019f1bb156995ad895cc9e 0 0 0 0 0 0 0 1 0 0 0 0 0 0 0 0 0 0 0 0 0 0
8fa3e186f000f465b4a824a4c054674f 0 0 0 0 0 0 0 1 0 0 0 0 0 1 0 0 0 0 0 0 0 0
67a0bd7c6d3e0fb32f4cd5feeb559fbf 0 0 0 0 0 0 0 0 0 0 1 0 0 0 0 0 0 0 0 0 0 0
10bba18b0f0b3a23e34bc82624da40b5 0 0 1 0 0 0 0 1 0 0 0 0 0 0 0 0 0 0 0 0 0 0
d64e66d8c0a01de233ae060b96d73c84 0 0 1 0 0 0 0 0 0 0 1 0 0 0 0 0 0 0 0 0 0 0
116cd562f96f5c532dad241d53f56826 0 0 1 0 0 0 0 1 0 0 1 0 0 0 0 0 0 0 0 0 0 0
7b678c1f8633820ac49052fe868ba90e 0 0 0 0 0 0 0 0 0 0 1 0 0 0 0 0 0 0 0 0 0 0
84d07261ec295c5a09f16643c2c51324 0 0 0 0 0 0 0 0 0 0 1 0 0 0 0 0 0 0 0 0 0 0
3bd0532031c7b141fdb474a19f3b897e 0 0 1 0 0 0 0 1 0 0 0 0 0 0 0 0 0 0 0 0 0 0
f1b477440156b4956609659578dd6390 0 0 0 0 0 0 0 0 0 0 1 0 0 0 0 0 0 0 0 0 0 0
c54602291571a9651825ee5da73588d2 0 0 0 0 0 0 0 0 0 0 1 0 0 0 0 0 0 0 0 0 0 0
ff055bf2608147fa7e06b9ef72c889b7 0 0 1 0 0 0 0 1 0 0 1 0 0 0 0 0 0 0 0 0 0 0
9b1bf900460ad902da766a126f695a1d 0 0 1 0 0 0 0 1 0 0 1 0 0 0 0 0 0 0 0 0 0 0
82f809bcb4605080b5e2ecd1e86ed9c5 0 0 0 0 0 0 0 1 0 0 0 0 0 0 0 0 0 0 0 0 0 0
c9088d39092e180e52d6bbeac03d23b7 0 0 1 0 0 0 0 0 0 0 1 0 0 0 0 0 0 0 0 0 0 0
feac8c5cfca08a3b62481f174bf43bdf 0 0 0 0 0 0 0 1 0 0 0 1 0 1 0 0 0 0 0 0 1 0
230e8540062efccb87292654e73e0bbd 0 0 0 0 0 0 0 0 0 0 0 0 0 0 0 0 0 0 0 0 1 0
06028d67e64d22789af348b434b4bc44 0 0 0 0 0 0 0 1 0 0 0 1 0 0 0 0 0 0 0 0 1 0
4e1b5d1794a08450a424cbb0095e3543 0 0 0 0 0 0 0 0 0 0 0 1 0 0 0 0 0 0 0 0 0 0
07c01b2dd04ae864ad278c7cbcf37b73 0 0 0 0 0 0 0 1 0 0 0 1 0 0 0 0 0 0 0 0 1 0
4b7e77d726a8f8bae127a8d8dd165cb5 0 0 0 0 0 0 0 1 0 0 0 1 0 0 0 0 0 0 0 0 1 0
b4f216e322432761f117787c7e48465f 0 0 0 0 0 0 0 0 0 0 0 1 0 0 0 0 0 0 0 1 0 0
80ace114de34381ee79c1f8980df92d6 0 0 1 0 0 0 0 0 0 0 0 0 0 0 0 0 0 0 0 0 0 0
8fe8a26593686a704e29cb36d7e4556e 0 0 0 0 1 0 0 1 1 0 0 0 0 0 0 0 0 0 0 0 1 0
3d1c789a60943d4a4b91c42fe798f1a3 0 1 0 0 0 0 0 1 0 0 0 0 0 0 0 0 0 0 0 0 1 0
c732a398d3f6db69e0aaadc5bc000159 0 1 0 0 0 0 0 1 0 0 0 0 0 0 0 0 0 0 0 0 1 0
f83acde8d90985fcdd7b1cade01f93fd 1 0 0 0 0 0 0 1 0 1 0 0 0 0 0 0 0 1 0 0 0 0
669ccb370eff9176d7700b34823988ab 0 0 0 0 0 0 0 0 0 0 0 0 0 0 0 0 0 0 1 1 1 0
