000_md5sum ConfigRM RMCdaemon kernel load.sh multipathd servicereport.kdump sshd systemd
0c1e2705bae8ca3c096ce5ec19fb5e72 0 0 1 0 0 0 0 1
1e16e8fcb829a84f25965b32c7b60859 0 0 1 0 1 0 0 0
baaa58c73e5f334d744203b72cf383e2 0 0 1 0 0 1 0 1
c04a7d8443ef9084f745220073e37764 1 1 0 0 0 0 0 1
311b503f6cf58a8445e8370bc3ab893e 0 0 1 1 0 0 1 1
08c04c58743ff755fd9ad68a46b3c302 1 1 0 0 0 0 0 1
795ccfa539fbc978b77be5c6e87b7480 0 0 0 0 0 0 0 1
c1923f008843d141afbdbab034bfbfad 1 1 0 0 0 0 0 1
6b46ea1de3efe3aea4f851a85b62d40c 0 0 0 0 0 0 0 1
