000_md5sum 4.4.131-94.29-default 4.4.138-94.39-default 4.4.143-94.47-default 4.4.63-2-default 4.4.68-2-default 4.4.73-5-default
4e2aacf410f74a38f36723a958965f11 0 0 0 1 0 0
8cf290d2220585ed4062172a93084409 0 0 0 0 1 0
d5bd0d92090736981338d2c30e8e17ee 0 0 1 0 0 0
dc4a791aa92a7465a8441926a55901fd 0 1 0 0 0 0
600ae1d89df718e2be47553f80af7540 0 0 1 0 0 0
9a07f696ccd4b605ec472d930521a9ec 0 0 1 0 0 0
f69a58a821c9cf4f05bc1b7c5fce869d 0 0 0 0 0 1
aef4800eddb3e59cb9f67bebe1f25c86 0 0 0 0 0 1
c4a414f4a6936c78413bed76d3570cfb 1 0 0 0 0 0
