000_md5sum 4.12.14-195-default 4.12.14-197.26-default 4.12.14-197.29-default 4.12.14-197.34-default 4.12.14-197.37-default 4.12.14-197.40-default 4.12.14-197.45-default 4.12.14-197.51-default 4.12.14-197.56-default 4.12.14-197.64-default 4.12.14-197.67-default 4.12.14-197.72-default 4.12.14-197.75-default 4.12.14-197.75.1.20796.1.PTF.1179810-default 4.12.14-197.78-default 4.12.14-197.78.1.21070.0.PTF.1181809-default 4.12.14-197.78.1.21087.1.PTF.1178049-default 4.12.14-197.83-default 4.12.14-197.86-default 4.12.14-197.86.1.22161.1.TEST.1183608-default 4.12.14-197.89-default 4.12.14-197.92-default 4.12.14-8.27-azure
477aa893eda33e833553eb427fb0c1d9 0 0 0 0 0 0 0 0 0 0 0 0 0 0 0 0 0 0 1 0 0 0 0
cc7cde2bce1c1ae6fc66d1aa76a4bdde 0 0 0 0 0 0 0 0 0 0 0 0 0 0 0 0 0 0 1 0 0 0 0
5b874bc36142111b1ac7b5a74f65fffb 0 0 0 0 0 0 0 0 0 0 0 0 0 0 0 0 0 0 1 0 0 0 0
d05fc09c8270e6c58e7a003cfb9e4360 0 0 0 0 0 0 0 0 0 0 0 0 0 0 0 0 0 0 1 0 0 0 0
83c6d11d8448585824f30daa736a2012 0 0 0 0 0 0 0 0 0 0 0 0 0 0 0 0 0 0 1 0 0 0 0
b4f218a805845069d07c4d285c8e7bd8 0 0 0 0 0 0 0 0 0 0 0 0 0 0 0 0 0 0 1 0 0 0 0
03cfdfc93f98c48ee2d7b61f394c2d52 0 0 0 0 0 0 0 0 0 0 0 0 0 0 0 0 0 0 1 0 0 0 0
45a768c85f47c385fbe30d11364f491a 0 0 0 0 0 0 0 0 0 0 0 0 0 0 0 0 0 0 1 0 0 0 0
8dfa3d73dca5a56fb20d29e400911c71 0 0 0 0 0 0 0 0 0 0 0 0 0 0 0 0 0 0 1 0 0 0 0
87a8c9ffd1c5dfc6fcf4847b130849c3 0 0 0 0 0 0 0 0 0 0 0 0 0 0 0 0 0 0 0 0 1 0 0
b273b7992536209b02f6c27200237441 0 0 0 0 0 0 0 0 0 0 0 0 0 0 0 0 0 0 0 0 1 0 0
90a0afb525d7865de239ac82268d6962 0 0 0 0 0 0 0 0 0 0 0 0 0 0 0 0 0 0 1 0 0 0 0
4e07d8b9daf00ce909329aefefb5a337 0 0 0 0 0 0 0 0 0 0 0 0 0 0 0 0 0 0 1 0 0 0 0
bd11e8fdb3b07d18f8802a12f1c37dca 0 0 0 0 0 0 0 0 0 0 0 0 0 0 0 0 0 0 1 0 0 0 0
62d08c98c2277f3a2bb820e7385005e6 0 0 0 0 0 0 0 0 0 0 0 0 0 0 0 0 0 0 1 0 0 0 0
56b304a8283a8c15fcfa7b365c19cae0 0 0 0 0 0 0 0 0 0 0 0 0 0 0 0 0 0 0 1 0 0 0 0
143fbab2185c059240dec493dd17e4d4 0 0 0 0 0 0 0 0 0 0 0 0 0 0 0 0 0 0 1 0 0 0 0
96151ff879991fb8034a503facc30855 0 0 0 0 0 0 0 0 0 0 0 0 0 0 0 0 0 0 0 0 0 1 0
f5ad36be845fe0e1833ab6fe5b522839 0 0 0 0 0 0 0 0 0 1 0 0 0 0 0 0 0 0 0 0 0 0 0
ef8c96f7ab5b7212fc4a7a2d84c0c3b8 0 0 0 0 0 0 0 0 0 1 0 0 0 0 0 0 0 0 0 0 0 0 0
bcee531ec1b7bf5de059a9c266f59438 0 0 0 0 0 0 1 0 0 0 0 0 0 0 0 0 0 0 0 0 0 0 0
3662fa327807c832f08d1d88e48323b6 0 0 0 0 0 0 1 0 0 0 0 0 0 0 0 0 0 0 0 0 0 0 0
d8e8777338cbf0d230710e420df1fe11 0 0 0 0 0 0 1 0 0 0 0 0 0 0 0 0 0 0 0 0 0 0 0
a29adb5a5759141327c4ac2a903fe2a8 0 0 0 0 0 0 0 0 0 0 0 0 0 0 0 0 0 0 0 0 1 0 0
2bf44c55ac13af447184618493239e41 0 0 0 0 0 0 0 0 0 0 0 0 0 0 0 0 0 0 0 0 1 0 0
82d86a18831a3267f5c083e9aaabc512 0 0 0 0 0 0 0 0 0 0 0 0 0 0 0 0 0 0 0 0 1 0 0
e9887035000dc6ca494879a8d045d56d 0 0 0 0 0 0 0 0 0 0 0 0 0 0 0 0 0 0 0 0 1 0 0
ea3943bfb73b2437601c6f24a5d27ae3 0 0 0 0 0 0 0 0 0 0 0 0 0 0 0 0 0 0 1 0 0 0 0
6f6a51d37ad9eea9a7b7b1987a593429 0 0 0 0 0 0 0 0 0 0 0 0 0 0 0 0 0 0 1 0 0 0 0
386e91f67d19bb2fafd24e171521f313 0 0 0 0 0 0 0 0 0 0 0 0 0 0 0 0 0 0 0 0 1 0 0
d661014fdef9a03dcc1d91ac3f3cb8e4 0 0 0 0 0 0 0 0 0 0 0 0 0 0 0 0 0 0 0 0 1 0 0
91ab06b38a77b89bbb06f6a69636362b 0 0 0 0 0 0 0 0 0 0 0 0 0 0 0 0 1 0 0 0 0 0 0
496538ffdcc2521f89c28b1a98a9549e 0 0 0 0 0 0 0 0 0 0 0 0 0 1 0 0 0 0 0 0 0 0 0
6e230761437893adec5cbfca653d97b6 0 0 0 0 0 0 0 0 0 0 0 0 0 0 1 0 0 0 0 0 0 0 0
237ed6edaf41a871cf12c0a18fb9d1c8 0 0 0 0 0 0 1 0 0 0 0 0 0 0 0 0 0 0 0 0 0 0 0
0d19a5130d5b7889ead65bd165fb7e1c 0 0 0 1 0 0 0 0 0 0 0 0 0 0 0 0 0 0 0 0 0 0 0
deb49f3da4b18d69cb37470290753fae 0 0 0 1 0 0 0 0 0 0 0 0 0 0 0 0 0 0 0 0 0 0 0
7dc474f959ad07c58d459a522b320859 0 0 1 0 0 0 0 0 0 0 0 0 0 0 0 0 0 0 0 0 0 0 0
e6d0768831570a812cc0dcb056039cb1 0 0 1 0 0 0 0 0 0 0 0 0 0 0 0 0 0 0 0 0 0 0 0
cc06aab7a144dde2852c19cfcc74f9fb 0 0 0 0 1 0 0 0 0 0 0 0 0 0 0 0 0 0 0 0 0 0 0
ae1de86e2293b6f0db95d4bde09b8815 0 0 0 0 0 0 1 0 0 0 0 0 0 0 0 0 0 0 0 0 0 0 0
572cd20ff8ecee9b405dbdebf32909ea 1 0 0 0 0 0 0 0 0 0 0 0 0 0 0 0 0 0 0 0 0 0 0
4a25868aecff0c39776a8b1536845677 1 0 0 0 0 0 0 0 0 0 0 0 0 0 0 0 0 0 0 0 0 0 0
9eb16dc4663c2135baa586c80b333c5b 1 0 0 0 0 0 0 0 0 0 0 0 0 0 0 0 0 0 0 0 0 0 0
2c724407ef981b3d9b665040153f75f8 0 0 0 0 0 0 0 0 0 0 0 0 0 0 0 1 0 0 0 0 0 0 0
dc550b007ed44ede28f7ba893e52b028 0 0 0 0 0 0 0 0 0 0 0 0 0 0 0 1 0 0 0 0 0 0 0
028bb203b9b8d2870cb4ae79f82df38e 0 0 0 0 0 0 0 0 0 0 0 0 0 0 0 1 0 0 0 0 0 0 0
5803d402d84b1a949b59af6adf13e7d0 0 0 0 0 0 0 0 0 0 0 0 0 0 0 0 1 0 0 0 0 0 0 0
9df95a01c410a9154bd05e0a39b288cd 0 0 0 0 0 1 0 0 0 0 0 0 0 0 0 0 0 0 0 0 0 0 0
7e83f64031e5d4b9e7ea99e5487892fd 0 0 0 0 0 0 1 0 0 0 0 0 0 0 0 0 0 0 0 0 0 0 0
a2f6d062927178163359dc721c90f168 0 0 0 0 0 0 1 0 0 0 0 0 0 0 0 0 0 0 0 0 0 0 0
65b4e0427cf7a6ce853c942f663eff15 0 0 0 0 0 0 0 0 0 0 0 0 0 0 0 0 0 0 1 0 0 0 0
a34064b6f057594837c898ae1948bb5c 0 0 0 0 0 0 0 0 0 0 0 0 0 0 0 0 0 1 0 0 0 0 0
90e233676c17d28a13f192e38313d6cc 0 0 0 0 0 0 0 0 0 0 0 0 0 0 0 0 0 0 1 0 0 0 0
0b0486321a98302514029bc55a235571 0 0 0 0 0 0 0 0 0 0 0 0 0 0 0 0 0 0 1 0 0 0 0
82afa1801d5b4f4f9f35ed50a110a4bb 0 0 0 0 0 0 0 0 0 0 0 0 0 0 0 0 0 1 0 0 0 0 0
2c62d6a8e1bae6b63650b248b26adb91 0 0 0 0 0 0 0 0 0 0 0 0 0 0 0 0 0 1 0 0 0 0 0
e32869332c03e732287ab99cf216e22e 0 0 0 0 0 0 0 0 0 0 0 0 0 0 0 0 0 1 0 0 0 0 0
176ed00b96c1f213f6adc3072be540ed 0 0 0 0 0 0 0 0 0 0 0 0 0 0 0 0 0 0 1 0 0 0 0
316bca01c27ca7db6326d2a5bc51e228 0 0 0 0 0 0 0 0 0 0 0 0 0 0 0 0 0 0 1 0 0 0 0
1726fd360033601369a251220063f925 0 0 0 0 0 0 0 1 0 0 0 0 0 0 0 0 0 0 0 0 0 0 0
ea017c65ab868bbff6227358033adbaf 0 0 0 0 0 0 0 0 0 0 0 0 0 0 0 0 0 0 1 0 0 0 0
5b6dc58beb126ce7558f644bb30a09f1 0 0 0 0 0 0 0 0 0 0 0 0 0 0 0 0 0 0 1 0 0 0 0
7d2597a454d8f1ff1328c7056264f199 0 0 0 0 0 0 0 0 0 0 0 1 0 0 0 0 0 0 0 0 0 0 0
b69f65edda14edc25384abbd790b72a6 0 0 0 0 0 0 0 0 0 0 0 1 0 0 0 0 0 0 0 0 0 0 0
96bfd40882ae7d093d680f1916649734 0 0 0 0 0 0 0 0 1 0 0 0 0 0 0 0 0 0 0 0 0 0 0
734f4ae6ad2a0cf285de989af1e5b8d0 0 0 0 0 0 0 0 0 1 0 0 0 0 0 0 0 0 0 0 0 0 0 0
4a2089a8b399ba32a9873376049f00f9 0 0 0 0 0 0 0 0 1 0 0 0 0 0 0 0 0 0 0 0 0 0 0
e409619e795ea75714e24ca8c821bf5a 0 0 0 0 0 0 0 0 1 0 0 0 0 0 0 0 0 0 0 0 0 0 0
1f3d368104110ccc0bbe93a9d07e7fd7 0 0 0 0 0 0 1 0 0 0 0 0 0 0 0 0 0 0 0 0 0 0 0
a86ddb16ee6c825451441404d010649b 0 0 0 0 0 0 1 0 0 0 0 0 0 0 0 0 0 0 0 0 0 0 0
1190cf20d53d8777349b9f8b90f98c87 0 0 0 0 0 0 0 0 0 0 0 0 0 0 0 0 0 0 1 0 0 0 0
83dcc8218ac1ed1a7de6b7274299d704 0 0 0 0 0 0 0 0 0 0 0 0 0 0 0 0 0 0 1 0 0 0 0
94b381a8380f44888783c0d6f46bdc11 0 0 0 0 0 0 0 0 0 0 0 0 0 0 0 0 0 1 0 0 0 0 0
5f5b1771b572e1060e4899e95995793d 0 0 0 0 0 0 0 0 0 0 0 0 0 0 0 0 0 1 0 0 0 0 0
9dfc5e9ae71cc66259f7124d56761709 0 0 0 0 0 0 0 0 0 0 0 0 0 0 0 0 0 1 0 0 0 0 0
819835d77c4929765849ee579a08de17 0 0 0 0 0 0 0 0 0 0 0 0 0 0 0 0 0 1 0 0 0 0 0
5f52ed9b39bcbe6394c09d18499c7ed4 0 0 0 0 0 0 0 0 0 0 0 0 0 0 0 0 0 1 0 0 0 0 0
c78d1c05ce89e6f51348f982bacd6f25 0 0 0 0 0 0 0 0 0 0 0 0 0 0 0 0 0 1 0 0 0 0 0
5e6fcba3e085e6fb88b63d5134b42887 0 0 0 0 0 0 0 0 0 0 0 0 0 0 0 0 0 1 0 0 0 0 0
9e73e60d2b39f4edab440224955490e9 0 0 0 0 0 0 0 0 0 0 0 0 0 0 0 0 0 1 0 0 0 0 0
3a74f16d4673d659e1272ac7b526d459 0 0 0 0 0 0 0 0 0 0 0 0 0 0 0 0 0 1 0 0 0 0 0
95b3d8d8178ddbaf87d612eb4b17717b 0 0 0 0 0 0 0 0 0 0 0 0 0 0 0 0 0 1 0 0 0 0 0
74fed7509d3e0196d6aacd9538cf7bd0 0 0 0 0 0 0 0 0 0 0 0 0 0 0 0 0 0 1 0 0 0 0 0
caf6b68d564d1158ac71ce9fb4f282d2 0 0 0 0 0 0 0 0 0 0 0 0 0 0 0 0 0 1 0 0 0 0 0
9ae113e1d323a00fc66c3dac0ea82539 0 0 0 0 0 0 0 0 0 0 0 0 0 0 0 0 0 1 0 0 0 0 0
ee1d5b97146f81daf85bc59c58103ec2 0 0 0 0 0 0 0 0 0 0 0 0 0 0 0 0 0 1 0 0 0 0 0
0a29e7e717b9588974ece6634847d692 0 0 0 0 0 0 0 0 0 0 0 0 0 0 0 0 0 1 0 0 0 0 0
be3e888676fc42fd55aa0f10c1099e4e 0 0 0 0 0 0 0 0 0 0 0 0 0 0 0 0 0 1 0 0 0 0 0
18ad3d5d6bf0194107480b6f4e578c13 0 0 0 0 0 0 0 0 0 0 0 0 0 0 0 0 0 1 0 0 0 0 0
b1a6e128efba5c96eae71b4deaf4864b 0 0 0 0 0 0 0 0 0 0 0 0 0 0 0 0 0 1 0 0 0 0 0
7205b238c8de2793f0fec7f91dd97722 0 0 0 0 0 0 0 0 0 0 0 0 0 0 0 0 0 1 0 0 0 0 0
d14e6eec9408962488d20fd92900706e 0 0 0 0 0 0 0 0 0 0 0 0 0 0 0 0 0 1 0 0 0 0 0
bec9b234d539e4391976e1742fcb7841 0 0 0 0 0 0 0 0 0 0 0 0 0 0 0 0 0 1 0 0 0 0 0
01a6b7c9b7d883183ac40275ed2399c7 0 0 0 0 0 0 0 0 0 0 0 0 0 0 0 0 0 1 0 0 0 0 0
6f5eca5c33a5665546c54f766a58dc27 0 0 0 0 0 0 0 0 0 0 0 0 0 0 0 0 0 1 0 0 0 0 0
f9b36081649d7ce08e403f4f0155ac67 0 0 0 0 0 0 0 0 0 0 0 0 0 0 1 0 0 0 0 0 0 0 0
e1f8575b82ec0b93bea7f955fb126dbb 0 0 0 0 0 0 0 0 0 0 0 0 0 0 0 0 0 1 0 0 0 0 0
08ea4cc52bfbca6959c8ca623e38602c 0 0 0 0 0 0 0 0 0 0 0 0 1 0 0 0 0 0 0 0 0 0 0
3c520a68848049fc543a31a0e5894941 0 0 0 0 0 0 0 0 0 0 0 0 1 0 0 0 0 0 0 0 0 0 0
94380db95961c88f97c02789f7324a35 0 0 0 0 0 0 0 0 0 0 0 0 1 0 0 0 0 0 0 0 0 0 0
aeae4721f5a56abca05c400d313466fd 0 0 0 0 0 0 0 0 0 0 0 0 1 0 0 0 0 0 0 0 0 0 0
0ceb0550350cd6560f09584335d84042 0 0 0 0 0 0 0 0 0 0 0 0 1 0 0 0 0 0 0 0 0 0 0
4d9310f1486fee5f0ae7e812482b0c67 0 0 0 0 0 0 0 0 0 0 0 0 1 0 0 0 0 0 0 0 0 0 0
9b741abe467720a8270de6b0c3ba9ef8 0 0 0 0 0 0 0 0 0 0 0 0 1 0 0 0 0 0 0 0 0 0 0
6e80a99e208e01912ef6299b0f7fdd98 0 0 0 0 0 0 0 0 0 0 0 0 1 0 0 0 0 0 0 0 0 0 0
f688ff0c0461d67677b323838997f517 0 0 0 0 0 0 0 0 0 0 0 0 1 0 0 0 0 0 0 0 0 0 0
a2b9a8d63b46c2e25a3ade9378eb0c31 0 0 0 0 0 0 0 0 0 0 0 0 1 0 0 0 0 0 0 0 0 0 0
81fa0d3844bfa5731e68a925235cb8d2 0 0 0 0 0 0 0 0 0 0 0 0 1 0 0 0 0 0 0 0 0 0 0
9eadc8abc73012bf2f6229d8d015424b 0 0 0 0 0 0 0 0 0 0 0 0 1 0 0 0 0 0 0 0 0 0 0
5174be7f96ef2770e47d414a017f10d0 0 0 0 0 0 0 0 0 0 0 0 0 1 0 0 0 0 0 0 0 0 0 0
f63bfdeb037ba0773f9d605b19c988b5 0 0 0 0 0 0 0 0 0 0 0 0 1 0 0 0 0 0 0 0 0 0 0
97324fe4b31d3e82c939b94a97ceebc6 0 0 0 0 0 0 0 0 0 0 0 0 1 0 0 0 0 0 0 0 0 0 0
3a59dfc782b2d69faaee647e90d8b54f 0 0 0 0 0 0 0 0 0 0 0 0 1 0 0 0 0 0 0 0 0 0 0
2dea2814e2495ae14085c427d3e91055 0 0 0 0 0 0 0 0 0 0 0 0 1 0 0 0 0 0 0 0 0 0 0
4cc2fc1b6e93fcf080ead04f5929b099 0 0 0 0 0 0 0 0 0 0 0 0 1 0 0 0 0 0 0 0 0 0 0
71348c7a14c5848e1332858cfd54b24b 0 0 0 0 0 0 0 0 0 0 0 0 1 0 0 0 0 0 0 0 0 0 0
2239fd6a8485d67e81c4b76c083060a5 0 0 0 0 0 0 0 0 0 0 0 0 1 0 0 0 0 0 0 0 0 0 0
540c637d0f18ff09371d4b9e783a4eee 0 0 0 0 0 0 0 0 0 0 0 0 1 0 0 0 0 0 0 0 0 0 0
c891aac1eb0bc1e7692f4490132c68ac 0 0 0 0 0 0 0 0 0 0 0 0 1 0 0 0 0 0 0 0 0 0 0
b24b0dfdc2b5ffa1a7bab588b77906de 0 0 0 0 0 0 0 0 0 0 0 0 1 0 0 0 0 0 0 0 0 0 0
b3b833a361948cda8340d499b39bb759 0 0 0 0 0 0 0 0 0 0 0 0 1 0 0 0 0 0 0 0 0 0 0
d6a425a0831ab5cf28a7b2637e500e9d 0 0 0 0 0 0 0 0 0 0 0 0 1 0 0 0 0 0 0 0 0 0 0
607632ea71756f8beda628c251df31f2 0 0 0 0 0 0 0 0 0 0 0 0 1 0 0 0 0 0 0 0 0 0 0
8407d3ab50dc25bde880621d83ee9780 0 0 0 0 0 0 0 0 0 0 0 0 1 0 0 0 0 0 0 0 0 0 0
e727db0f3e1d233c91c822133075e496 0 0 0 0 0 1 0 0 0 0 0 0 0 0 0 0 0 0 0 0 0 0 0
280d9ffe74c57b137d80ae71224166b9 0 0 0 0 0 1 0 0 0 0 0 0 0 0 0 0 0 0 0 0 0 0 0
0b49724fd7768b53650cf5ee089332cb 0 0 0 0 0 0 1 0 0 0 0 0 0 0 0 0 0 0 0 0 0 0 0
fc2d48bf5adcceb4fb859bf0c37e0dc0 0 0 0 0 0 0 1 0 0 0 0 0 0 0 0 0 0 0 0 0 0 0 0
28d614bbdae9e5db29e55089c98b14bb 0 0 0 0 0 0 0 0 0 0 0 0 0 0 0 0 0 0 1 0 0 0 0
cf65594039fa7fbc4c0eb1a849c5264e 0 0 0 0 0 0 0 0 0 0 0 0 0 0 0 0 0 0 1 0 0 0 0
a2d7cf30e3152165895d19d89ed4187f 0 0 0 0 0 0 0 0 0 0 0 0 0 0 0 0 0 0 1 0 0 0 0
0b04b6d1d09faa539474d185e584b3d0 0 0 0 0 0 0 1 0 0 0 0 0 0 0 0 0 0 0 0 0 0 0 0
5a4b6ccbbe7accbb7c22ad01b3ce34e6 0 0 0 0 0 0 0 0 0 0 1 0 0 0 0 0 0 0 0 0 0 0 0
9c4c3e226a6111b6f5d269206f255fee 0 0 0 0 0 0 1 0 0 0 0 0 0 0 0 0 0 0 0 0 0 0 0
c9a4b3ec7a22d6798f1d3fdb999b23a9 0 0 0 0 0 0 0 0 0 0 0 0 0 0 0 0 0 0 1 0 0 0 0
10bd2e599fef071187ba8bc0b54fe9b6 0 0 0 0 0 0 1 0 0 0 0 0 0 0 0 0 0 0 0 0 0 0 0
cf1d884f7342c7ff6df93bd044a1d763 0 0 0 0 0 0 1 0 0 0 0 0 0 0 0 0 0 0 0 0 0 0 0
d1f6fe5e1324d1536104ba07d434a3d1 0 0 0 0 0 0 0 0 0 0 0 0 0 0 0 0 0 1 0 0 0 0 0
85813df51e4be2b3730908d607c401f6 1 0 0 0 0 0 0 0 0 0 0 0 0 0 0 0 0 0 0 0 0 0 0
69bc8cef5c3f2558a8c3cc6b2164ef11 0 0 0 0 0 1 0 0 0 0 0 0 0 0 0 0 0 0 0 0 0 0 0
1ccaa05d88f17888458dcd6a5efcbc3a 0 0 0 0 0 1 0 0 0 0 0 0 0 0 0 0 0 0 0 0 0 0 0
8cbc0e985ca51135ca239e476d5bcfef 0 0 0 0 0 0 0 0 1 0 0 0 0 0 0 0 0 0 0 0 0 0 0
ad9dd18cc9e98a72602452d59ad3112b 0 0 0 0 0 0 1 0 0 0 0 0 0 0 0 0 0 0 0 0 0 0 0
8fd719e345ef4d94b7dcc5e9ff5ae61c 0 0 0 0 0 1 0 0 0 0 0 0 0 0 0 0 0 0 0 0 0 0 0
076cab9716ecdaf568b93099b310fbb4 0 0 0 0 0 1 0 0 0 0 0 0 0 0 0 0 0 0 0 0 0 0 0
d4f56431c8eb80d64129e88f445e05a2 0 0 0 0 0 0 0 0 0 0 0 0 0 0 0 0 0 0 0 0 1 0 0
7430931d2e323ecbb23b366c7825387c 0 0 0 0 0 0 0 0 0 0 0 0 0 0 1 0 0 0 0 0 0 0 0
27aa2ea8d764797b9dd1d53556640e9f 0 0 0 0 0 0 0 0 0 0 0 0 0 0 0 0 0 0 0 0 0 1 0
502919305f90b298bfa2923c59248ad9 0 0 0 0 0 0 0 0 0 0 0 0 0 0 0 0 0 0 0 0 0 1 0
6ccda2e9a0f1ae3b50351fd73c914593 0 0 0 0 0 0 0 0 0 0 0 0 0 0 1 0 0 0 0 0 0 0 0
8ea32cd81611cab7ac39c1d08a23369b 0 0 0 0 0 0 1 0 0 0 0 0 0 0 0 0 0 0 0 0 0 0 0
b0f2c631b770b5851dc10f3e0174ca95 0 0 0 0 0 0 0 0 0 0 0 0 0 0 0 0 0 0 1 0 0 0 0
5dd4f67e317bfb1c10fd86c94d39f28c 0 0 0 0 0 0 0 0 0 0 0 0 0 0 1 0 0 0 0 0 0 0 0
375341311515332b8d1b55d8a592194b 0 0 0 0 0 0 1 0 0 0 0 0 0 0 0 0 0 0 0 0 0 0 0
3068572ca0284eb85053049483ff8a32 0 0 0 0 0 0 1 0 0 0 0 0 0 0 0 0 0 0 0 0 0 0 0
5846ca35c07ae1bbe641e26252e20744 0 0 0 0 0 0 0 0 0 0 0 0 0 0 0 0 0 0 1 0 0 0 0
424477f88923681224f8935084938047 0 0 0 0 0 0 0 0 0 0 0 0 0 0 0 0 0 0 1 0 0 0 0
eec510a3d60943245ba259f6430fb39b 0 0 0 0 0 0 0 0 0 0 0 0 0 0 0 0 0 0 1 0 0 0 0
07349e30487652de32e8061c36ca134e 0 0 0 0 0 0 0 0 0 0 0 0 0 0 0 0 0 0 1 0 0 0 0
4ad98d42060ad019e730f161ede6b5b2 0 0 0 0 0 0 0 0 0 0 0 0 0 0 0 0 0 0 1 0 0 0 0
469532f802d865d7daad27a622d83eff 0 0 0 0 0 0 0 0 0 0 0 0 0 0 0 0 0 0 1 0 0 0 0
2755fa9b085a7ff74716abe7ad8d9008 0 0 0 0 0 0 0 0 0 0 0 0 0 0 0 0 0 0 1 0 0 0 0
d3eeecf41f007d737f1ac335debcf928 0 0 0 0 0 0 0 0 0 0 0 0 0 0 0 0 0 0 1 0 0 0 0
458816621d6956ebcbc148db63b16ae5 0 0 0 0 0 0 0 0 0 0 0 0 0 0 0 0 0 0 1 0 0 0 0
a46858568134632ed54ce9e197fd9e5c 0 0 0 0 0 0 0 0 0 0 0 0 0 0 0 0 0 0 1 0 0 0 0
b73ff56e4e91adeb751712ffd68f40de 0 0 0 0 0 0 0 0 0 0 0 0 0 0 0 0 0 0 1 0 0 0 0
6ef98e2627fde22abf2067d579ba433a 0 0 0 0 0 0 0 0 0 0 0 0 0 0 0 0 0 0 1 0 0 0 0
b2547ed1dedc6b78a604cf5bd447e830 0 0 0 0 0 0 0 0 0 0 0 1 0 0 0 0 0 0 0 0 0 0 0
7c2427094f42b0b2195ee5434086274c 0 0 0 0 0 0 0 0 0 0 0 1 0 0 0 0 0 0 0 0 0 0 0
2424476bb1c5beb3dc976aefe9e7139d 0 0 0 0 0 0 0 0 0 0 0 0 0 0 0 0 0 0 1 0 0 0 0
4db5c438857f33be65ce43414a8b50e5 0 0 0 0 0 0 0 0 0 0 0 0 0 0 0 0 0 0 1 0 0 0 0
04a7af65040bba16e2c6d5de25b034a9 0 0 0 0 0 0 0 0 0 0 0 0 0 0 0 0 0 0 1 0 0 0 0
414335e29bfb0d280cf81198f645b5a6 0 0 0 0 0 1 0 0 0 0 0 0 0 0 0 0 0 0 0 0 0 0 0
c4dfe57c94561cba265bff02c6f89295 0 0 0 0 0 1 0 0 0 0 0 0 0 0 0 0 0 0 0 0 0 0 0
b898b05ef32f75f4157afbe6a63cc5e7 0 0 0 0 0 0 0 0 0 0 0 0 0 0 0 0 0 0 1 0 0 0 0
e7ab20d25f1e8ffb7c92f32bcfdafc51 0 0 0 0 0 0 0 0 0 0 0 0 0 0 0 0 0 0 1 0 0 0 0
874c55aa3f3be084621ba8144b19ed7b 0 0 0 0 0 0 0 0 0 0 0 0 0 0 0 0 0 0 1 0 0 0 0
6782a8a50aea643747dc8467e54b95c9 0 0 0 0 0 0 0 0 0 0 0 0 0 0 0 0 0 0 1 0 0 0 0
1aac790766b38c521c4f4e5c3e2e6069 0 0 0 0 0 0 0 0 0 0 0 0 0 0 1 0 0 0 0 0 0 0 0
b640a327f459677ba2201bf1e68339a2 0 0 0 0 0 0 0 0 0 0 0 0 0 0 0 0 0 0 0 0 1 0 0
a1f00addd8c4e68acab221bcbc194c90 0 0 0 0 0 0 0 0 0 0 0 0 0 0 0 0 0 0 0 0 1 0 0
e0886974af8e4ab2be18ec5080ca4816 0 0 0 0 0 0 0 0 0 0 0 0 0 0 0 0 0 1 0 0 0 0 0
53332efabef2bff8c6fd66475e0c2f2b 0 0 0 0 0 0 0 0 0 0 0 0 0 0 0 0 0 1 0 0 0 0 0
8ad3579819da50cee86774153932b5dd 0 0 0 0 0 0 0 0 0 0 0 0 0 0 0 0 0 1 0 0 0 0 0
2426792c59e8fe99079c24315f57c51f 0 0 0 0 0 0 0 0 0 0 0 0 0 0 0 0 0 0 0 1 0 0 0
4aeafb59dba91f707525880d522b5bc0 0 0 0 0 0 0 0 0 0 0 0 0 0 0 0 0 0 0 0 1 0 0 0
375a5f32bfac7263631002c1d5f89a73 0 0 0 0 0 0 0 0 0 0 0 0 0 0 1 0 0 0 0 0 0 0 0
77ad67dbb187ce88ef8f33d3add3ed68 0 0 0 0 0 0 0 0 0 0 0 0 0 0 1 0 0 0 0 0 0 0 0
19f4bed943ce26de73ae984153cd1324 0 0 0 0 0 0 1 0 0 0 0 0 0 0 0 0 0 0 0 0 0 0 0
6985d361944fe05cccfe3d310c10f654 0 0 0 0 0 0 0 0 0 0 0 0 0 0 0 0 0 1 0 0 0 0 0
b5d7d2599a8227e200b0df9570fe7714 0 0 0 0 0 0 0 0 0 0 0 0 0 0 0 0 0 1 0 0 0 0 0
1adea1b27d47028e41758ba1b1e9fbdd 0 0 0 0 0 0 0 0 0 0 0 0 0 0 0 0 0 1 0 0 0 0 0
d09fb4e82e4bdc925851c176d75f75e3 0 0 0 0 0 0 0 0 0 0 0 0 0 0 0 0 0 1 0 0 0 0 0
98f9eba5ca7e27669e30cd079f99de9b 0 0 0 0 0 0 0 0 0 0 0 0 0 0 0 0 0 0 1 0 0 0 0
62a405021c2a52ce4e6ff02a11ef1f4a 0 0 0 0 0 0 0 0 0 0 0 0 0 0 0 0 0 0 1 0 0 0 0
8583cce8b46d8c32812c62e147098a01 0 0 0 0 0 0 0 0 0 0 0 0 0 0 0 0 0 0 1 0 0 0 0
8994f2c5617544f128d7fa3a604692e7 0 0 0 0 0 0 0 0 0 0 0 0 0 0 0 0 0 0 1 0 0 0 0
8e791ebb0ad7cdf13d646d9a75c1cfa4 0 0 0 0 0 0 0 0 0 0 0 0 0 0 0 0 0 0 1 0 0 0 0
bd2e718fff17610a834729a4ea17796a 0 0 0 0 0 0 0 0 0 0 0 0 0 0 0 0 0 0 1 0 0 0 0
d96b6dfeed369532dadc631e663f371a 0 0 0 0 0 0 0 0 0 0 0 0 0 0 0 0 0 0 1 0 0 0 0
21b6a0bc467b0873c865eec96225f1aa 0 0 0 0 0 0 0 0 0 0 0 0 0 0 0 0 0 0 1 0 0 0 0
9c7b1d1677224f25fc463d122f355300 0 0 0 0 0 0 0 0 0 0 0 0 0 0 0 0 0 0 1 0 0 0 0
ee7b8261fc97227e36ee0c520a6cce5e 0 0 0 0 0 0 0 0 0 0 0 0 0 0 0 0 0 0 1 0 0 0 0
76484485cd5b417143bef8a2c2706a69 0 0 0 0 0 0 0 0 0 0 0 0 0 0 0 0 0 1 0 0 0 0 0
882da6ce4fa91af93df6518e26cf6459 0 0 0 0 0 0 0 0 0 0 0 0 0 0 0 0 0 1 0 0 0 0 0
7a8af07bb0b2f116a5b1e8fb4fe01a9d 0 0 0 0 0 0 0 0 0 0 0 0 0 0 0 0 0 0 1 0 0 0 0
eb47db9e31e999194a9a80e339ff27d7 0 0 0 0 0 0 0 0 0 0 0 0 0 0 0 0 0 1 0 0 0 0 0
ec80cc864989839d9249abe56f74ec45 0 0 0 0 0 0 0 0 0 0 0 0 0 0 0 0 0 1 0 0 0 0 0
bda1319150d8dd20bea5ed142f82a745 0 0 0 0 0 0 0 0 0 0 0 0 0 0 0 0 0 1 0 0 0 0 0
6755a4095f435ea85e65572d88caf6ee 0 0 0 0 0 0 0 0 0 0 0 0 0 0 0 0 0 1 0 0 0 0 0
40bafd97647503ec901de95ab2b41c2b 0 0 0 0 0 0 0 0 0 0 0 0 0 0 1 0 0 0 0 0 0 0 0
736654bcb29b86ac4fc861719d13bc2a 0 0 0 0 0 0 0 0 0 0 0 0 0 0 1 0 0 0 0 0 0 0 0
4c7d095f8b261ca68c89d95b3765050c 0 0 0 0 0 0 0 0 0 0 1 0 0 0 0 0 0 0 0 0 0 0 0
470360902234dd150ea67452ecb79fa5 0 0 0 0 0 1 0 0 0 0 0 0 0 0 0 0 0 0 0 0 0 0 0
1ec77cbfe0224740569d81b025ac4086 0 0 0 0 0 1 0 0 0 0 0 0 0 0 0 0 0 0 0 0 0 0 0
67ad0dcff764c9d84070a71123aa3c2c 0 0 0 0 0 0 0 0 0 0 0 0 0 0 0 0 0 0 1 0 0 0 0
1b43b0b278637b3f953faaa594ab86ef 0 0 0 0 0 0 0 0 0 0 0 0 0 0 0 0 0 0 1 0 0 0 0
95c22e4c1730608b8d9977b60d86a635 0 0 0 0 0 0 0 0 0 0 0 0 0 0 1 0 0 0 0 0 0 0 0
b7725d92464cf85cbdaddcd3559030f7 0 0 0 0 0 0 0 0 0 0 0 0 0 0 1 0 0 0 0 0 0 0 0
5293292511accd0f010f14f86dbb03dd 0 0 0 0 0 0 0 0 0 0 0 0 0 0 1 0 0 0 0 0 0 0 0
2ff4c0b7ff044972b4ce88a2172225ef 0 0 0 0 0 0 0 0 0 0 0 0 0 0 0 0 0 0 0 0 1 0 0
4458c31252eadb4a2bc0b4b6f9f1323e 0 0 0 0 0 0 0 0 0 0 0 0 0 0 1 0 0 0 0 0 0 0 0
159f47a75d5d126abfa6063e3c2ea490 0 0 0 0 0 0 0 0 0 0 0 0 0 0 0 0 0 0 1 0 0 0 0
578417d60b53f77c546cfde2e5021661 0 0 0 0 0 0 0 0 0 0 0 0 0 0 0 0 0 0 0 0 1 0 0
2c0ed82d396891bcfea9fffeb1aee710 0 0 0 0 0 0 0 0 0 0 0 0 0 0 0 0 0 0 0 0 1 0 0
8933e86ed4e4d24748aeb60b7147885f 0 0 0 0 0 0 0 0 0 0 0 0 0 0 0 0 0 0 0 0 1 0 0
d1afa58fa4cf7e4bb061a56ddbd5d4e3 0 0 0 0 0 0 0 0 0 0 0 0 0 0 1 0 0 0 0 0 0 0 0
bdcb35ef97d4afb6b3b101d12bbdae92 0 0 0 0 0 0 1 0 0 0 0 0 0 0 0 0 0 0 0 0 0 0 0
6f9303cf5ab2e42a1fe3bf3cbd7ad284 0 0 0 0 0 0 0 0 0 0 0 0 0 0 0 0 0 0 0 0 0 0 1
d53b3b150a3c582694335ab4e343d54d 0 0 0 0 0 0 1 0 0 0 0 0 0 0 0 0 0 0 0 0 0 0 0
bfa38e6eb73d7241dc83f4ea4a80363c 0 0 0 0 0 0 0 0 0 0 0 1 0 0 0 0 0 0 0 0 0 0 0
b2fa9a094543b6119ae6f500c2f9aaae 0 0 0 0 0 0 0 0 0 0 0 1 0 0 0 0 0 0 0 0 0 0 0
0436159f39aaf9198ad84ff42c3bab0f 0 0 0 0 0 0 0 0 0 0 0 0 0 0 0 0 0 0 0 0 1 0 0
24283c671a05cb80812fffa43c397ebc 0 0 0 0 0 1 0 0 0 0 0 0 0 0 0 0 0 0 0 0 0 0 0
80a735ea5597c06108f2a6a308b59326 0 0 0 0 0 0 0 0 0 0 0 0 0 0 1 0 0 0 0 0 0 0 0
a062d99ec06bd9e87365a31c83d32a2e 0 0 0 0 0 0 0 0 0 0 0 0 0 0 0 0 0 0 0 0 1 0 0
92e8c640e768fdceec51f57876a7c5e3 0 0 0 0 0 0 0 0 0 0 0 0 0 0 0 0 0 0 0 0 1 0 0
e22ab3173e84c0598328cc9390a79ee3 0 0 0 0 0 0 0 0 0 0 0 0 0 0 0 0 0 0 0 0 1 0 0
dd805a5f42e40cb40fc58064439a2fa3 0 0 0 0 0 0 0 0 0 0 0 0 0 0 0 0 0 0 0 0 1 0 0
2f9fe19c61aec487853e6375606adad8 0 0 0 0 0 0 0 0 0 0 0 0 0 0 1 0 0 0 0 0 0 0 0
824df31cdc4c2d2a32cff27f66bdf536 1 0 0 0 0 0 0 0 0 0 0 0 0 0 0 0 0 0 0 0 0 0 0
16c0d2674be188cd722ab33345e931ab 1 0 0 0 0 0 0 0 0 0 0 0 0 0 0 0 0 0 0 0 0 0 0
11af34a48896c2d18f432f567167e443 0 0 0 0 0 0 1 0 0 0 0 0 0 0 0 0 0 0 0 0 0 0 0
80e99b1dd247ea515fc74d0210b14130 0 0 0 0 0 0 1 0 0 0 0 0 0 0 0 0 0 0 0 0 0 0 0
9fd90b4ce1875964971542293c3f44c0 1 0 0 0 0 0 0 0 0 0 0 0 0 0 0 0 0 0 0 0 0 0 0
a5a0d76852811d0b3ca2240cf90c69d7 0 0 0 0 0 0 0 0 0 0 0 0 0 0 0 0 0 1 0 0 0 0 0
c278ab0ae3918d7188d6c3ea411034c7 0 0 0 0 0 0 0 0 0 0 0 0 1 0 0 0 0 0 0 0 0 0 0
56da6ab48f3e85ad76d38193f429fe33 0 0 0 0 0 0 0 0 0 0 0 0 0 0 0 0 0 0 1 0 0 0 0
28163958ad8d6ef63c9d8cd9699ebfb7 0 0 0 0 0 0 0 0 0 0 0 0 0 0 0 0 0 0 1 0 0 0 0
2414f699f5084ab5b926bf6e6ad4023e 0 0 0 0 0 0 0 0 0 0 0 0 0 0 0 0 0 0 1 0 0 0 0
673bf2262d12c1d1ef49694b785a9607 0 0 0 0 0 0 0 0 0 0 0 0 0 0 0 0 0 0 1 0 0 0 0
044424cfaff846886bfe81c37749baa2 0 0 0 0 0 0 0 0 0 0 0 0 0 0 0 0 0 0 1 0 0 0 0
29eccf855430f361ab909b219df0410d 0 0 0 0 0 0 0 0 0 0 0 0 0 0 0 0 0 0 1 0 0 0 0
27de6f23f801451cef1091712f728edc 0 0 0 0 0 0 0 0 0 0 0 0 0 0 0 0 0 0 1 0 0 0 0
6824dd13aeeca586202b4266f0449073 0 1 0 0 0 0 0 0 0 0 0 0 0 0 0 0 0 0 0 0 0 0 0
6a67986f2f65639169d395e8f357f3ef 0 0 0 0 0 0 0 0 0 0 0 0 0 0 0 0 0 1 0 0 0 0 0
29a1996954d57a0108e6c980665ba826 0 0 0 0 0 0 0 0 0 0 0 0 0 0 0 0 0 1 0 0 0 0 0
8174d4644e6e624abc9f96b5bb3fa12c 0 0 0 0 0 0 0 0 0 0 0 0 0 0 0 0 0 0 0 0 0 1 0
