000_md5sum 4.12.14-120-default 4.12.14-94.41-default 4.12.14-95.13-default 4.12.14-95.24-default 4.12.14-95.29-default 4.12.14-95.3-default 4.12.14-95.32-default 4.12.14-95.37-default 4.12.14-95.40-default 4.12.14-95.45-default 4.12.14-95.48-default 4.12.14-95.51-default 4.12.14-95.54-default 4.12.14-95.57-default 4.12.14-95.60-default 4.12.14-95.65-default 4.12.14-95.68-default 4.12.14-95.71-default 4.12.14-95.74-default 4.12.14-95.77-default
4f5b890f2a73cb295a398cbb4dcecc86 0 0 0 0 0 0 0 0 0 0 0 0 0 0 0 1 0 0 0 0
1a42b98f303d9fbc5933eec2e10113ed 0 0 0 0 0 0 0 0 0 0 0 0 0 0 0 1 0 0 0 0
f70a826264d0289a8818cd883650fdcd 0 0 0 0 0 0 0 0 0 0 0 0 0 0 0 1 0 0 0 0
724532367d610338eddc42a2427d3429 0 0 0 0 0 0 0 0 0 0 0 0 0 0 0 1 0 0 0 0
11b710424bb4315ca82a375c618a0e32 0 0 0 0 0 0 0 0 0 0 0 0 0 0 0 1 0 0 0 0
04cdd3e1191c531c236b349dfacf2a6b 0 0 0 0 0 0 0 0 0 0 0 0 0 0 0 0 1 0 0 0
c2a261072cc8be5a5456d9d7650fa659 0 0 0 0 0 0 0 0 0 0 0 0 0 0 1 0 0 0 0 0
1cd710f6962c6c6a9e715a76432d1902 0 0 0 0 0 0 0 0 0 0 0 0 0 0 0 0 0 0 0 1
cc3110a73548d82b03fe45d6458f8f22 0 0 0 0 0 0 0 0 0 0 0 0 0 0 0 0 0 0 0 1
55a273842c8327b19ae56b3fab0422ad 0 0 0 0 0 0 0 0 0 0 0 0 0 0 0 0 1 0 0 0
9f71401018eab6dfbbc003a6e50b3a56 0 0 0 0 0 0 0 0 0 0 0 0 0 0 0 0 1 0 0 0
742f63dad4200d0c42b169634a57d696 0 0 0 0 0 0 0 0 1 0 0 0 0 0 0 0 0 0 0 0
725da25daee3b09887780dfbfc0e6db8 0 0 0 0 0 0 0 0 0 0 0 0 0 1 0 0 0 0 0 0
b7408ea3a506e40ece8ce3fa29a3fff2 0 0 0 0 0 0 0 0 0 0 0 0 0 1 0 0 0 0 0 0
6e25f15181d0d374afca84d6a5b9f70c 0 0 0 0 0 0 0 0 0 0 0 0 0 1 0 0 0 0 0 0
24a1ccb236afc74943d104f68f07196d 0 0 0 0 0 0 0 0 0 0 0 0 0 0 0 1 0 0 0 0
f7830af5ce5f401bd562ab01a5dc0986 0 0 0 0 0 0 0 0 0 0 0 1 0 0 0 0 0 0 0 0
d3721caed9724500650e8bb17133aca2 0 0 0 0 0 0 0 0 0 0 0 0 0 1 0 0 0 0 0 0
a16ea9b5fe5eb6511929d4a78b3e699c 0 0 0 0 0 0 0 0 0 0 0 0 0 0 0 0 0 0 1 0
4519db4c869332f14a26c6c75187b2ff 0 0 0 0 0 0 0 0 0 0 0 0 0 0 0 0 0 0 1 0
af7d8d2426f3e1d3365b1b2398bfde8e 0 0 0 0 0 0 0 0 0 0 0 0 0 0 0 0 0 0 1 0
119c01d608a460c8f9a9ac09981af739 0 0 0 0 0 0 0 0 0 0 1 0 0 0 0 0 0 0 0 0
14fc3813b94b59396b84a1f987336e9a 0 0 0 0 0 0 0 0 0 0 1 0 0 0 0 0 0 0 0 0
e15863b9425bb42f6005e8a10be21402 0 0 0 0 0 0 1 0 0 0 0 0 0 0 0 0 0 0 0 0
d6734b99b1b9786035e3822caa3ae27b 0 0 0 0 0 0 0 0 0 0 1 0 0 0 0 0 0 0 0 0
a13b53caa05468dbc1b2459fd0289172 0 0 0 0 0 0 0 0 0 0 1 0 0 0 0 0 0 0 0 0
0b7dabd340ab914f00c976ccea15e33e 0 0 0 0 0 0 0 0 0 0 1 0 0 0 0 0 0 0 0 0
c44660436c07209a9e851373640b81d6 0 0 0 0 0 0 0 1 0 0 0 0 0 0 0 0 0 0 0 0
58a23872f5309cf826c175d506603f1c 0 0 0 0 0 0 1 0 0 0 0 0 0 0 0 0 0 0 0 0
7ced425692b49a3b24c3a78d8daa6442 0 0 0 0 0 0 0 0 0 0 0 0 0 1 0 0 0 0 0 0
750296913eec647f81831cce34006399 0 0 0 0 0 0 0 0 0 0 0 0 0 1 0 0 0 0 0 0
26fc1ba61f9c35fa03137b08c8c2da36 0 0 0 1 0 0 0 0 0 0 0 0 0 0 0 0 0 0 0 0
f2cbe085b79ae88a0d99e743a70c244c 0 0 0 0 0 0 0 0 0 0 0 0 0 0 0 1 0 0 0 0
ef3f3325e233f53c21edc6646b522416 0 0 0 1 0 0 0 0 0 0 0 0 0 0 0 0 0 0 0 0
60d0178cddd55dec590506d650b53645 0 0 0 1 0 0 0 0 0 0 0 0 0 0 0 0 0 0 0 0
5db8d29004b115e11567a3322348da84 0 0 0 1 0 0 0 0 0 0 0 0 0 0 0 0 0 0 0 0
cb146c4cc6575855e104f61937e82391 0 0 0 1 0 0 0 0 0 0 0 0 0 0 0 0 0 0 0 0
550c6143bc17f2cb9ed09934dac3249c 0 0 0 1 0 0 0 0 0 0 0 0 0 0 0 0 0 0 0 0
ccf4326e9abb022eaf63e8f61a48c762 0 0 0 0 0 0 0 0 0 0 0 0 0 0 0 0 0 1 0 0
0149b704c13bf2342de0ec974afd7dd5 0 0 0 0 0 0 0 0 0 0 0 0 0 0 0 0 0 0 0 1
9c2faa68838e384e1bfe75388faa7af2 0 0 0 0 0 0 0 0 0 0 0 0 0 0 0 0 0 0 0 1
79f71453e0646ed3649162a38b71505e 0 0 0 0 0 0 0 0 0 0 0 0 0 0 0 1 0 0 0 0
c05c8eade04a0af0a089fe7b9be93bb1 0 0 0 0 0 0 0 0 0 0 0 0 0 0 0 1 0 0 0 0
10b2344a37c022bb15c0b776c21f8449 0 0 1 0 0 0 0 0 0 0 0 0 0 0 0 0 0 0 0 0
beec7ce66d6939d93938684a209ba8e0 0 0 1 0 0 0 0 0 0 0 0 0 0 0 0 0 0 0 0 0
6ba352df4e125368dc9a881778e74e0e 0 0 0 0 0 0 0 0 0 0 0 0 0 0 0 1 0 0 0 0
b73a6df221ebb717466c6d7961548279 0 0 0 0 0 0 0 0 0 0 0 0 0 0 0 1 0 0 0 0
bf85e9ca2520a1e54604a0e3f3fb3d84 0 0 0 0 0 0 0 0 0 0 0 0 0 0 0 0 0 1 0 0
69004489c9e209118a84d5a28fa409c9 0 0 0 1 0 0 0 0 0 0 0 0 0 0 0 0 0 0 0 0
98d3cb663182a6fa6ed8ea0ceeff3677 0 0 0 0 0 0 0 0 0 0 0 0 0 1 0 0 0 0 0 0
cc1a026fa5c824f744645c3728eab7a5 0 0 0 0 0 0 0 0 0 0 0 0 0 1 0 0 0 0 0 0
635ee5f1e39f7b5e714dd6eeefc124f2 0 0 0 1 0 0 0 0 0 0 0 0 0 0 0 0 0 0 0 0
073de73aae9e1313a4d86feb37650f49 0 0 0 1 0 0 0 0 0 0 0 0 0 0 0 0 0 0 0 0
d9a231064757d467668eae6fe8c48404 0 0 0 1 0 0 0 0 0 0 0 0 0 0 0 0 0 0 0 0
f9b1012fe6bdfbae4cc6e81c87235647 0 0 0 1 0 0 0 0 0 0 0 0 0 0 0 0 0 0 0 0
acec47bf2bb8f6eec7263177ce748cfb 0 0 0 1 0 0 0 0 0 0 0 0 0 0 0 0 0 0 0 0
5162ce92c27a6a5dd33bcef1ad061dcb 0 0 0 1 0 0 0 0 0 0 0 0 0 0 0 0 0 0 0 0
be28f131ed2a823acf9a3e9805547ea2 0 0 0 1 0 0 0 0 0 0 0 0 0 0 0 0 0 0 0 0
5d62e1dc748ae72ba32216c646260f9b 0 0 0 1 0 0 0 0 0 0 0 0 0 0 0 0 0 0 0 0
297299bca6b9de1fd62a49ef8ce71909 0 0 0 1 0 0 0 0 0 0 0 0 0 0 0 0 0 0 0 0
de8095c69d6393f04ca090969b738283 0 0 0 1 0 0 0 0 0 0 0 0 0 0 0 0 0 0 0 0
66ac56674fed6e08cb0a32561e14b9ac 0 0 0 1 0 0 0 0 0 0 0 0 0 0 0 0 0 0 0 0
80ec0738fcd4b21a49d701d507a941da 0 0 0 1 0 0 0 0 0 0 0 0 0 0 0 0 0 0 0 0
5f59c62341004063b64ade0f372d8f19 0 0 0 1 0 0 0 0 0 0 0 0 0 0 0 0 0 0 0 0
06d6eb2f3b316c5ff5c7ddc38decf9db 0 0 0 0 0 0 0 0 0 0 0 0 0 0 0 0 0 1 0 0
79eaf76760d910635de2fa36a1739c4a 0 0 0 0 0 0 0 0 0 0 0 0 0 0 0 0 0 1 0 0
e68b4d65593daf9bb4e4c673add7bc8b 0 0 0 0 0 0 0 0 0 0 0 0 0 0 0 0 0 1 0 0
45b1093b537af5608d5a18b899efc1e4 0 0 0 0 0 0 0 0 0 0 0 0 0 0 0 0 0 1 0 0
afa4521e8028a982090ff2f09f9dd027 0 0 0 0 0 0 0 0 0 0 0 0 0 0 0 0 0 0 1 0
a13daec64650a55f357a1362fb1bd58e 0 0 0 0 0 0 0 0 0 0 1 0 0 0 0 0 0 0 0 0
a31d43bc970143b6075d9304f07a3f09 0 0 0 0 0 0 0 0 0 0 1 0 0 0 0 0 0 0 0 0
2ff7dee87f0ff31650532add20092331 0 0 0 0 0 0 0 0 0 0 0 0 1 0 0 0 0 0 0 0
b28c654b0a518358a6576a072fb09cfc 0 0 0 0 0 0 0 0 0 0 0 0 1 0 0 0 0 0 0 0
0b71f753096037d9ea77d7717617a9f5 0 0 0 0 0 0 0 0 0 0 0 0 0 0 0 0 1 0 0 0
113c7a33f8b3db56f1bd7fc69b297c97 0 0 0 0 0 0 0 0 0 0 0 0 0 0 0 0 1 0 0 0
df18bf4a22703e3f81c729be39c6b7bb 0 0 0 0 0 0 0 0 0 1 0 0 0 0 0 0 0 0 0 0
536b90eb9a7722aaff5499753b66dd19 0 0 0 0 0 0 0 0 0 0 0 0 1 0 0 0 0 0 0 0
cdde955b0ad431bafb600169864e4c7e 0 0 0 0 0 0 0 0 0 0 0 0 0 0 0 0 0 1 0 0
bff9e4677dcb42afc0add6b7ff3a050a 0 0 0 0 0 0 0 0 0 0 0 0 0 0 0 0 0 1 0 0
c552761a0a71049a7ed8b8fd12c8f076 0 0 1 0 0 0 0 0 0 0 0 0 0 0 0 0 0 0 0 0
7d0ffd8b3ecff7abaae25aca3009f99e 0 0 0 0 0 0 0 0 0 1 0 0 0 0 0 0 0 0 0 0
f3d3d66318d14088e9a4619c87827121 0 0 0 0 0 0 0 0 0 1 0 0 0 0 0 0 0 0 0 0
471a8630cd0a60cba009b6d7dae45858 0 0 0 0 0 0 0 0 0 0 0 0 1 0 0 0 0 0 0 0
636e9859df2d80614e5e93a655bb05cf 0 0 0 0 0 0 0 0 0 0 0 0 1 0 0 0 0 0 0 0
937cf246cadc9e457e6f27835fb16bcd 0 0 0 0 0 0 0 0 0 0 0 0 0 0 0 0 0 1 0 0
40e6b212c79ce1a24b991554090bf343 0 0 0 0 0 0 0 0 0 0 0 0 0 0 0 0 0 1 0 0
bc2a892769b274184c361d7d3d13c80e 0 0 0 0 0 0 0 0 0 0 0 0 0 0 0 0 0 1 0 0
e27f66d1a54e40c2dda1b38fedf9baf0 0 0 0 0 0 0 0 0 0 0 0 0 0 0 0 0 1 0 0 0
ac7528764825330afdb3e06eb424cd3d 0 0 0 0 0 0 0 0 0 0 0 0 0 0 0 0 0 0 1 0
cfd3e26cd080c269944517c58c8add2a 0 0 0 0 0 0 0 0 0 0 0 0 0 0 0 0 0 0 1 0
4abe5aae251468f683ec9a0d71ee648e 0 0 0 0 0 0 1 0 0 0 0 0 0 0 0 0 0 0 0 0
ab750e6a99d9acf3e819216d19c9e22a 0 0 0 0 0 0 1 0 0 0 0 0 0 0 0 0 0 0 0 0
fee5e1e98850272011db4af0a06d7d2a 0 0 0 0 0 0 1 0 0 0 0 0 0 0 0 0 0 0 0 0
3275e24f7169b75453e7a3b5d04c7853 0 0 0 0 0 0 0 0 0 0 0 1 0 0 0 0 0 0 0 0
443b15d5f1a9e77085a378af8205440d 0 0 0 0 0 0 0 0 0 0 0 1 0 0 0 0 0 0 0 0
f58d9ee87ebf679685884013f45f55d0 0 0 0 0 0 0 0 0 0 0 0 0 0 0 0 0 0 0 1 0
5d56ba7c1d9dd41ed21052cf9b47a73a 0 0 0 0 0 0 0 0 0 0 0 0 1 0 0 0 0 0 0 0
2cd2f13107a11214b5e044e79fa7ef98 0 0 0 0 0 0 0 0 0 0 0 0 0 0 0 0 0 0 1 0
a0778c27a2bd8c231cffeb3972c97932 0 0 0 0 0 0 0 0 0 0 0 0 0 0 0 0 0 0 1 0
7890030c68cb68233e3550e6b883651a 0 0 0 0 0 0 0 0 0 0 0 0 1 0 0 0 0 0 0 0
ef6818485d8a8880d54e4f58766e405e 0 0 0 0 0 0 0 0 0 0 0 0 0 0 1 0 0 0 0 0
c122845db9235e10c13d0bd0904da048 0 0 0 0 0 0 0 0 0 1 0 0 0 0 0 0 0 0 0 0
59d7d20cb037b4541f5ad6d46db5d4ca 0 0 0 0 0 0 0 0 0 1 0 0 0 0 0 0 0 0 0 0
4f577771026011576e869a2ac586962c 0 0 0 0 0 0 0 0 0 1 0 0 0 0 0 0 0 0 0 0
7c684d72f65e9ce9c007a52e4843f323 0 0 0 0 0 0 0 0 0 1 0 0 0 0 0 0 0 0 0 0
72e68342166db1963dff17967799016c 0 0 0 0 0 0 0 0 0 0 0 1 0 0 0 0 0 0 0 0
3dff04fc9ed0222718b5b903796310f2 0 0 0 0 0 0 0 0 0 0 0 1 0 0 0 0 0 0 0 0
10dc7476b52dc6ba6af0dbc1e6060841 0 0 0 0 0 0 0 0 0 0 0 0 0 0 0 0 0 1 0 0
4f58397ebd4c4913a20c8199912cdc83 0 0 0 0 0 0 0 0 0 0 0 0 0 0 0 0 0 1 0 0
bd7fca8ad56031c8741bfa6fea2661e5 0 0 0 0 0 0 0 0 0 0 0 0 0 0 0 0 0 1 0 0
22297510f0aa5cac65baa7805a221c4c 0 1 0 0 0 0 0 0 0 0 0 0 0 0 0 0 0 0 0 0
be34aa132b159e2f0fa45015c8929124 0 1 0 0 0 0 0 0 0 0 0 0 0 0 0 0 0 0 0 0
a1519f41695caad901a955b5c4c85f2c 0 1 0 0 0 0 0 0 0 0 0 0 0 0 0 0 0 0 0 0
0f36f30ef3b674889f018f29eb2e2a65 0 1 0 0 0 0 0 0 0 0 0 0 0 0 0 0 0 0 0 0
06d4000fef1a494f009f7e3275e41003 0 1 0 0 0 0 0 0 0 0 0 0 0 0 0 0 0 0 0 0
40df27ef1e529217f86a265ab909bba0 0 1 0 0 0 0 0 0 0 0 0 0 0 0 0 0 0 0 0 0
ce7c01378b6abd505c36300ffc38d070 0 1 0 0 0 0 0 0 0 0 0 0 0 0 0 0 0 0 0 0
9335b91e3dae7c2d3dbf914b18e1f5a6 0 1 0 0 0 0 0 0 0 0 0 0 0 0 0 0 0 0 0 0
b0cab3e6d5e70bb09d2c88dee6d391d0 0 1 0 0 0 0 0 0 0 0 0 0 0 0 0 0 0 0 0 0
98f97c9d622cc3eb153c7f160fb16d0f 0 1 0 0 0 0 0 0 0 0 0 0 0 0 0 0 0 0 0 0
0c5efce76bb71e2cd4fa56e6a866a962 0 1 0 0 0 0 0 0 0 0 0 0 0 0 0 0 0 0 0 0
75490143315cf213036107d6418f7fd8 0 1 0 0 0 0 0 0 0 0 0 0 0 0 0 0 0 0 0 0
8cbc492bc3d150f0fd899fe98737f8d2 0 1 0 0 0 0 0 0 0 0 0 0 0 0 0 0 0 0 0 0
e6d3937aff98f5786b49f9129a1f1733 0 1 0 0 0 0 0 0 0 0 0 0 0 0 0 0 0 0 0 0
be0ed8a32d2e8f88e03c2d1e4aa90314 1 0 0 0 0 0 0 0 0 0 0 0 0 0 0 0 0 0 0 0
d6461c2dbbc0513af53656872a9997c1 0 0 0 0 1 0 0 0 0 0 0 0 0 0 0 0 0 0 0 0
14370f69d450477e390f8f3f7bb27d9b 0 0 0 0 0 1 0 0 0 0 0 0 0 0 0 0 0 0 0 0
0270459a4d20bcdeca18d56f4d3b2ee3 0 0 0 0 0 0 0 0 0 0 0 0 0 1 0 0 0 0 0 0
6cfde45f7cdf52d76adaef4358921f6e 0 0 0 0 0 0 0 0 0 0 0 0 0 1 0 0 0 0 0 0
936400e31b88eeac14bed67b08e72bec 0 0 0 0 0 0 0 0 0 0 0 0 0 1 0 0 0 0 0 0
071f3325861460becf2a3ecfbc9c5273 0 0 0 0 0 0 0 0 0 0 0 0 0 0 0 0 0 1 0 0
630a1942461c465a125db38ea3c5920a 0 0 0 0 0 0 0 0 0 0 0 0 1 0 0 0 0 0 0 0
be84d9ec6cccb70d5b4b8f62e8121aa9 0 0 0 0 0 0 0 0 0 0 0 1 0 0 0 0 0 0 0 0
6197b48a164734d633ef1310ac81b6a1 0 0 0 0 0 0 0 0 0 0 0 0 0 0 0 0 1 0 0 0
9b6e9dc68288b5498c36bd984c449c89 0 0 0 0 0 0 0 0 0 0 0 0 0 0 0 0 1 0 0 0
0a3afedd718a9e61d4dc82713a0f90ce 0 0 0 0 0 0 0 0 0 0 0 0 0 0 0 0 0 0 1 0
37a31f94b91bc22caf765a9b0a714de2 0 0 0 0 0 0 0 0 0 0 0 0 0 0 0 0 0 0 1 0
8619cbfa76bc64623aa2e59dfb9eb58e 0 0 0 0 0 0 0 0 0 0 0 1 0 0 0 0 0 0 0 0
77268597b7d57d37db33ad6eef473bdb 0 0 0 0 0 0 0 0 0 0 0 1 0 0 0 0 0 0 0 0
ddad0b5bd3542bf04db24fd21f3edfba 0 0 0 0 0 0 0 0 0 0 0 0 0 1 0 0 0 0 0 0
e929070b65714c26fc5ba757ac7342dc 0 0 0 0 0 0 0 0 0 0 0 1 0 0 0 0 0 0 0 0
8ca19f0327fe0acbcc458d4acfb9821b 0 0 0 0 0 0 0 0 0 0 0 0 1 0 0 0 0 0 0 0
917d75e3fbf2db5e80880ec9580f97fb 0 0 0 0 0 0 0 0 0 0 0 0 0 0 0 0 0 1 0 0
cd44b2b9c5f0b30206dad9b50119c35e 0 0 0 0 0 0 0 0 0 0 0 0 0 0 0 0 0 0 1 0
187fb21c00d8ce2732f504d635f2f0d4 0 0 0 0 0 0 0 0 0 1 0 0 0 0 0 0 0 0 0 0
91b1deca3a4eb3b466640bededaa3ee8 0 1 0 0 0 0 0 0 0 0 0 0 0 0 0 0 0 0 0 0
e453c89ab1528b560d00505a9fcc6d46 0 1 0 0 0 0 0 0 0 0 0 0 0 0 0 0 0 0 0 0
b584115abcbfb4f1fe902d82d70589b4 0 1 0 0 0 0 0 0 0 0 0 0 0 0 0 0 0 0 0 0
4b3758494d8fed18fb3bfe164781925d 0 1 0 0 0 0 0 0 0 0 0 0 0 0 0 0 0 0 0 0
dfcc43aadeeb5f3ba0c0ee3b9cf91b0b 0 0 1 0 0 0 0 0 0 0 0 0 0 0 0 0 0 0 0 0
987dd7fcad6c232a02424d736b23fde6 0 0 0 0 0 0 0 0 0 0 0 0 0 0 0 1 0 0 0 0
fddedf629b95ef0a48b646288d29b1fd 0 0 0 0 0 0 0 0 0 0 0 0 0 0 0 1 0 0 0 0
b60ce82f03796c2fc50a35504973a8c3 0 0 0 0 0 0 0 0 0 0 0 0 0 0 0 0 1 0 0 0
5d860a77a86462c43fa7b39ba1659636 0 0 0 0 0 0 0 0 0 0 0 0 1 0 0 0 0 0 0 0
4dcbb3b0a5eee6f509cae6dfc841d6d8 0 0 0 0 0 0 0 0 0 0 0 1 0 0 0 0 0 0 0 0
ab481a9784c225c0ebedb037be8f999f 0 0 0 0 0 0 0 0 0 0 0 0 0 0 0 0 0 0 0 1
