000_md5sum 4.4.21-69-default 5.3.18-22-default 5.3.18-24.15-default 5.3.18-24.29-default 5.3.18-24.34-default 5.3.18-24.37-default 5.3.18-24.43-default 5.3.18-24.43.2.20817.0.PTF.1178049-default 5.3.18-24.46-default 5.3.18-24.46.1.21086.0.PTF.1178049-default 5.3.18-24.49-default 5.3.18-24.49.3.21354.2.PTF.1179851-default 5.3.18-24.52-default 5.3.18-24.61-default 5.3.18-24.61.1.22178.3.TEST.1183045-default 5.3.18-24.61.1.22178.4.PTF.1183045-default 5.3.18-24.64-default 5.3.18-24.64-preempt 5.3.18-24.67-default 5.3.18-24.9-default 5.3.18-BSC-1182429-printk
cdc278e88fcaad36b70a1f609b55e819 0 0 0 0 0 0 0 0 0 0 0 0 0 0 0 0 1 0 0 0 0
548ba75c7b59493a31fdd0a47aefe6b2 0 0 0 0 0 0 0 0 0 0 0 0 1 0 0 0 0 0 0 0 0
13979479811b1930784bb380aa6c41d5 0 0 0 0 0 0 0 0 0 0 0 0 0 0 0 0 0 1 0 0 0
39c73e1721eaa4420f73d6d9200f52db 0 0 0 0 0 0 0 0 0 0 0 0 0 0 0 0 0 1 0 0 0
3fab1d701ef98773c7d5304b98936242 0 0 0 0 0 0 0 0 0 0 1 0 0 0 0 0 0 0 0 0 0
dce5f1ef1b71f7261c683bbdf92e63a4 0 0 0 0 0 0 0 0 0 0 1 0 0 0 0 0 0 0 0 0 0
cb31d921f1ffe3822c48022e2c7ecd00 0 0 0 0 0 0 0 0 0 0 1 0 0 0 0 0 0 0 0 0 0
a2a5deba5f0edf56ded5728a757e57c9 0 0 0 0 0 0 0 0 0 0 1 0 0 0 0 0 0 0 0 0 0
e472a6ca10d93e4d19c8eb2c2aa36484 0 0 0 0 0 0 0 0 0 0 1 0 0 0 0 0 0 0 0 0 0
6caa0c7400343a2753a757fe573cd029 0 0 0 0 0 0 0 0 0 0 1 0 0 0 0 0 0 0 0 0 0
6eb2973176f4db44f6c91f3fff07a105 0 0 0 0 0 0 0 0 0 0 1 0 0 0 0 0 0 0 0 0 0
17756d248357c69436d3d5bfd80da039 0 0 0 0 0 0 0 0 0 0 0 0 1 0 0 0 0 0 0 0 0
d2d50d7865adf3168446275a3b9f5761 0 0 0 0 0 0 0 0 0 0 0 0 1 0 0 0 0 0 0 0 0
dcff07241e751949ed07af0c304c11e3 0 0 0 0 0 0 0 0 0 0 1 0 0 0 0 0 0 0 0 0 0
a663e02842f539b751058f18c1a8fd72 0 0 0 0 0 0 0 0 0 0 1 0 0 0 0 0 0 0 0 0 0
c537a4ac800f0926ed6df4d7acc7ffe6 0 0 0 0 0 0 0 0 0 0 1 0 0 0 0 0 0 0 0 0 0
9e925dfc0a96a52cedb2e6ab21f3d364 0 0 0 0 0 0 0 0 0 0 1 0 0 0 0 0 0 0 0 0 0
aa66bf2e6760624974f912c8ad243b3b 0 0 0 0 0 0 0 0 0 0 0 0 1 0 0 0 0 0 0 0 0
1cec002cf321386a31908623bf2c8d50 0 0 0 0 0 0 0 0 0 0 0 0 1 0 0 0 0 0 0 0 0
ae139768159d42ffbaf81184a5681a8d 0 0 0 0 0 0 0 0 0 0 1 0 0 0 0 0 0 0 0 0 0
55d1b12844816028f1a10a7ea641c341 0 0 0 0 0 0 0 0 0 0 0 0 1 0 0 0 0 0 0 0 0
82272f1441c78343a705d43919fe1582 0 0 0 0 0 0 0 0 0 0 0 0 1 0 0 0 0 0 0 0 0
f0123acbd6c1b8ae9d934c38090f808a 0 0 0 0 0 0 0 0 0 0 0 0 1 0 0 0 0 0 0 0 0
540ee2c1b4c371f977cdc40482be1bd6 0 0 0 0 0 0 0 0 0 0 0 0 1 0 0 0 0 0 0 0 0
84318a95aa1e7e94102fe5dc03fa85c1 0 0 0 0 0 0 0 0 1 0 0 0 0 0 0 0 0 0 0 0 0
0079b76f8f6b62d6e9040a18d79e5177 0 0 0 0 0 0 0 0 1 0 0 0 0 0 0 0 0 0 0 0 0
a419a6c29a7c7d97d572bbd6cf82fd52 0 0 0 0 0 0 0 0 1 0 0 0 0 0 0 0 0 0 0 0 0
8ff142e41c47eae8a027495622e397f1 0 0 0 0 0 0 0 0 0 1 0 0 0 0 0 0 0 0 0 0 0
7c595b9524f0d9652612c0e38dddbb6a 0 0 0 0 0 0 0 0 1 0 0 0 0 0 0 0 0 0 0 0 0
b2925c9c25559bd0e953eb5765fa9578 0 0 0 0 0 0 0 0 1 0 0 0 0 0 0 0 0 0 0 0 0
7284a8b08a8236e11c69161f21b4f8e1 0 0 0 0 0 0 0 0 1 0 0 0 0 0 0 0 0 0 0 0 0
94c49757ecaaae2bf5a64b6d98078efc 0 0 0 0 0 0 0 0 0 1 0 0 0 0 0 0 0 0 0 0 0
66575dbf85e6e9faae290004dca2cc37 0 0 0 0 0 0 0 0 1 0 0 0 0 0 0 0 0 0 0 0 0
764b7bdae445369449699430c3b3cf36 0 0 0 0 0 0 0 0 0 0 0 0 0 0 0 0 1 0 0 0 0
cbc929d88da4d198caa36df1022ad1ed 0 0 0 0 0 0 0 0 0 1 0 0 0 0 0 0 0 0 0 0 0
8b940b0c20c75a4c1df83491a064f1b7 0 0 0 0 0 0 0 0 0 1 0 0 0 0 0 0 0 0 0 0 0
3a578e4dea2e6f3c471c5e69aca718fc 0 0 0 1 0 0 0 0 0 0 0 0 0 0 0 0 0 0 0 0 0
8d558dc0b14105a4a6b19ffa8dcb6e61 0 0 0 1 0 0 0 0 0 0 0 0 0 0 0 0 0 0 0 0 0
ae8e98c5791668f89b56927a4d2a4656 0 0 0 1 0 0 0 0 0 0 0 0 0 0 0 0 0 0 0 0 0
74b5a561737022b97c19f3ed8be61135 0 0 0 0 0 0 0 1 0 0 0 0 0 0 0 0 0 0 0 0 0
6d25906d334bb81df8fa67a473120572 0 0 0 0 0 0 0 0 0 1 0 0 0 0 0 0 0 0 0 0 0
66b9ade63c160dac5162d0eab4150ddd 0 0 0 0 0 0 0 0 0 1 0 0 0 0 0 0 0 0 0 0 0
bd05b34786986b79595577a552591c2c 0 0 0 0 0 0 0 0 0 0 0 0 0 1 0 0 0 0 0 0 0
cd18a8f11c673439694a4b3d596377ec 0 0 0 0 0 0 0 0 0 0 0 0 0 0 0 0 1 0 0 0 0
657158fc53cea6d3d1fc2fc648caa8b8 0 0 0 0 0 0 0 0 0 0 0 0 0 1 0 0 0 0 0 0 0
215eb24b0fac3e9ac80f2ac68bc1a7b7 0 0 0 0 0 0 0 0 0 0 0 0 0 0 0 0 1 0 0 0 0
1fa4c703982616726f410fca8e60b5de 0 0 0 0 0 0 0 0 0 0 0 0 0 0 0 0 1 0 0 0 0
bd7cae82e4d8e3152c40bdbac5c516f2 0 0 0 0 0 0 0 0 0 0 0 0 0 0 0 0 1 0 0 0 0
dba186fa11bbe280c5c152152c3ed979 0 0 0 0 0 0 0 0 0 0 0 0 0 1 0 0 0 0 0 0 0
3e70ad1212d6b8ff5ce63950280a1d44 0 0 0 0 0 0 0 0 0 0 0 0 0 0 0 0 0 0 1 0 0
f05038da8329b066dc2484ea663a4194 0 0 0 0 0 0 0 0 0 0 0 0 0 0 0 0 0 0 1 0 0
64506d32293bb1d78d62dd6307ad2125 0 0 0 0 0 0 0 0 0 0 0 1 0 0 0 0 0 0 0 0 0
09755bfa95d5f010de434cf14fcd93f8 0 0 0 0 0 0 0 0 0 0 0 1 0 0 0 0 0 0 0 0 0
5fc66b2f6dfc6aa7353ec30c9b7bf55f 0 0 0 0 0 0 0 0 1 0 0 0 0 0 0 0 0 0 0 0 0
8568ad5c47d782f1ad1a86f849622d5f 0 0 0 0 0 0 0 0 1 0 0 0 0 0 0 0 0 0 0 0 0
9058d67d05359d713f21bc8e54045aa8 0 0 0 0 0 0 0 0 0 0 0 0 0 0 0 0 0 0 1 0 0
450da5e753de927eb1d20b3b78cc2f39 0 0 0 0 0 0 0 0 0 0 0 0 0 0 0 0 0 0 1 0 0
bf1f2a1cd60f75f6fcf1fe67bd3c9e48 0 0 0 0 0 0 0 0 0 0 0 0 1 0 0 0 0 0 0 0 0
af792cdda646607709aa58f4a669183c 0 0 0 0 0 0 0 0 0 0 0 0 1 0 0 0 0 0 0 0 0
67aef0ce8ab79004331b070d40e8c5e3 0 0 0 0 0 0 0 0 0 0 0 0 1 0 0 0 0 0 0 0 0
5fbc6d2dd925cb88f866ad568d2d1897 0 0 0 0 0 0 0 0 0 0 0 0 1 0 0 0 0 0 0 0 0
ef3b6994cf79422c067cabac01103fdc 0 0 0 0 0 0 0 0 0 0 0 0 1 0 0 0 0 0 0 0 0
cf8067d8dc196a8d2b654f8cdaa4e5a2 0 0 0 0 0 0 0 0 0 0 0 0 1 0 0 0 0 0 0 0 0
8d4ace33db2e16d1abd1e0a5e5c8bea9 0 0 0 0 0 0 0 0 0 0 0 0 1 0 0 0 0 0 0 0 0
83fb1ab5d5172ef6647caa43b0a8d38f 0 0 0 0 0 0 0 0 0 0 0 0 1 0 0 0 0 0 0 0 0
545d06b61364e56f9f92c450fd919365 0 0 0 0 0 0 0 0 0 0 0 0 1 0 0 0 0 0 0 0 0
732bf4167d63a7bb7366601185fc0d73 0 0 0 0 0 0 0 0 0 0 1 0 0 0 0 0 0 0 0 0 0
fd65b5ca8a7142aaf39ae5ce7c33c7c3 0 0 0 0 0 0 0 0 0 1 0 0 0 0 0 0 0 0 0 0 0
8733c942ea93906317a539ca64168ed3 0 0 0 0 0 0 0 0 0 1 0 0 0 0 0 0 0 0 0 0 0
95a88a62a7f47141257b1709aa5578ea 0 0 0 0 0 0 0 0 0 1 0 0 0 0 0 0 0 0 0 0 0
374bfee531fec4f0e9d7881c77979bd0 0 0 0 0 0 0 0 0 0 0 0 0 0 0 0 0 0 0 1 0 0
9b0d318110278dbe2495e7c6fd6428a4 0 0 0 0 0 0 0 0 0 0 0 0 0 0 0 0 0 0 1 0 0
eb6b856f57df169ad7147801f58251f3 0 0 0 0 0 1 0 0 0 0 0 0 0 0 0 0 0 0 0 0 0
b84adedd5fa76c3e4fb0b20c7cbfb33d 0 0 0 0 0 0 0 0 0 0 1 0 0 0 0 0 0 0 0 0 0
22a98ee8c875939b38313ca030a2a626 0 0 0 0 0 0 0 0 0 0 0 0 1 0 0 0 0 0 0 0 0
5d3b829242a3c74cebca8a9c0864cda8 0 0 0 0 0 0 0 0 0 0 0 0 0 1 0 0 0 0 0 0 0
f12ad317343ebad9b2dd18be63202bfd 0 0 0 0 1 0 0 0 0 0 0 0 0 0 0 0 0 0 0 0 0
9d9d229cd477bd26ecd9e26c2960404e 0 0 0 0 1 0 0 0 0 0 0 0 0 0 0 0 0 0 0 0 0
b9c43a589391382350f58202bb809ddc 0 0 0 0 0 0 0 0 0 0 0 0 0 1 0 0 0 0 0 0 0
32b9ea83e8ba9c2fa42fce808e1cf5be 0 0 0 0 0 0 0 0 0 0 0 0 0 1 0 0 0 0 0 0 0
84bb86b0a34374b7d71c39f8f9e6946c 0 0 0 0 0 0 0 0 0 0 0 0 0 1 0 0 0 0 0 0 0
e7dc0481a0c71f8b7a9f7fe4e75f4653 0 0 0 0 0 0 0 0 1 0 0 0 0 0 0 0 0 0 0 0 0
ba62be5596be4c22c02b7bca95456fda 0 0 0 0 0 0 0 0 0 0 0 0 1 0 0 0 0 0 0 0 0
8f81140b0b9d2bdbc0c2f9e00fe9fb21 0 0 0 0 0 0 0 0 0 0 0 0 0 1 0 0 0 0 0 0 0
8beea2748156de80797c6cce2a7048b1 0 0 0 0 0 0 0 0 0 0 0 0 0 0 0 0 1 0 0 0 0
a85b5469467cfeae571e509d6f762b75 0 0 0 0 0 0 0 0 0 0 0 0 0 0 0 0 1 0 0 0 0
8909d6add35fda1bab6734cbb97cf626 0 0 0 0 0 0 0 0 0 0 0 0 0 1 0 0 0 0 0 0 0
937d3942583d893b13ccf1d264d8aeb6 0 0 0 0 0 0 0 0 0 0 0 0 0 0 0 0 1 0 0 0 0
e6e1637b659b9a0b9eefe8e97790c93b 0 0 0 0 0 0 0 0 0 0 0 0 0 0 0 0 1 0 0 0 0
ad55c2e0e1b24f63d4154af208951084 0 0 0 0 0 0 0 0 0 0 0 0 0 0 0 0 1 0 0 0 0
5300a04c7230ac4d592df290380f468f 0 0 0 0 0 0 0 0 0 0 0 0 0 0 0 0 1 0 0 0 0
53d64574dded5ca7f7e6f0e0de29c323 0 0 0 0 0 0 0 0 0 0 0 0 0 0 0 0 1 0 0 0 0
c0b517c6d9c168a571cb3f4922ff6fa2 0 0 0 0 0 0 0 0 0 0 0 0 0 0 0 0 1 0 0 0 0
85c094f7d128fb000559061077e0b3df 0 0 0 0 0 0 0 0 0 0 0 0 0 0 0 0 1 0 0 0 0
d5847a9b93e42980fb2df58ca174d4d8 0 0 0 0 0 0 0 0 0 0 0 0 0 0 0 0 0 0 1 0 0
1ff89f7a76c959eb61a23e10ce232f15 0 1 0 0 0 0 0 0 0 0 0 0 0 0 0 0 0 0 0 0 0
730d39eb1cd4b9685931fc67dca82077 0 1 0 0 0 0 0 0 0 0 0 0 0 0 0 0 0 0 0 0 0
f8869ebb3a42b30b6197319402cf18c7 0 1 0 0 0 0 0 0 0 0 0 0 0 0 0 0 0 0 0 0 0
6dd7df5eff6d61837c7633f6e0b24134 0 0 0 0 0 0 0 0 0 0 0 0 0 1 0 0 0 0 0 0 0
f20575292b2b60ab911b57560ea4b1dd 0 0 0 0 0 0 0 0 0 0 0 0 0 0 0 0 0 0 1 0 0
ec8486616e48989e08a70adb28792027 0 0 0 0 0 0 0 0 0 0 0 0 0 0 0 0 1 0 0 0 0
a77daedbe6b576bc603c34f832bedf2b 0 0 0 0 0 0 0 0 0 0 0 0 0 0 0 0 1 0 0 0 0
485cf82f30aa08aeb732778ac43d3c77 0 0 0 0 0 0 0 0 0 0 0 0 0 0 0 0 0 0 1 0 0
8e2240857376d28c0856f13685cd69a2 0 0 0 0 0 0 0 0 0 0 0 0 0 0 0 0 1 0 0 0 0
ce282f183f3a3197a17d2224041aac5d 0 1 0 0 0 0 0 0 0 0 0 0 0 0 0 0 0 0 0 0 0
79c0e9be9fec13af1cffc1eaad979a3a 0 0 0 0 0 0 0 0 0 0 0 0 0 0 0 0 1 0 0 0 0
e4e9db15ab4bcbb888f25a870d957da6 0 0 0 0 0 0 0 0 0 0 0 0 0 0 0 0 1 0 0 0 0
f8e55232a8c96b51b617e8b6488b0fd8 0 0 0 0 0 0 0 0 0 0 0 0 0 0 0 0 0 0 1 0 0
87fc3888ee75e9665690711675d18a79 0 0 0 0 0 0 0 0 0 0 0 0 0 0 0 0 0 0 1 0 0
2b0c6aa3f7d07ee43da5faacd95c00a7 0 0 0 0 0 0 0 0 0 0 0 0 0 0 0 0 1 0 0 0 0
9779ceeed0d33724e7803c9cbf22e740 0 0 0 0 0 0 0 0 0 0 0 0 0 0 0 0 1 0 0 0 0
6201a03f64779da5676281ebfc8c5391 0 0 0 0 0 0 0 0 0 0 1 0 0 0 0 0 0 0 0 0 0
b29386343af75265f743eea08a706904 0 0 0 0 0 0 0 0 0 0 0 0 0 0 0 0 1 0 0 0 0
d2c658f84ce8bab807ea816f8e32c027 0 0 0 0 0 0 0 0 0 0 0 0 0 0 0 0 1 0 0 0 0
7936356d6d9a1fa5176412434053f291 0 0 0 0 0 0 0 0 0 0 0 0 0 0 0 0 1 0 0 0 0
c6c25f0aad60abc5bd89502ae26308a5 0 0 0 0 0 0 0 0 0 0 0 0 0 0 0 0 1 0 0 0 0
7c0dab39fc0925d137e23894a975c4b6 0 0 0 0 0 0 0 0 0 0 0 0 0 0 0 0 1 0 0 0 0
2412cb313afa085ff37afd8f1fd98582 0 0 0 0 0 0 0 0 0 0 0 0 0 1 0 0 0 0 0 0 0
f545a32017ca0a328b2dc16ead9f9862 0 0 0 0 0 0 0 0 0 0 0 0 1 0 0 0 0 0 0 0 0
c4ffb854fa993f12761f06041bd9b03e 0 0 0 0 0 0 0 0 0 0 0 0 0 0 0 0 1 0 0 0 0
79acdc4bb931ad6e27e222a074ffd48c 0 0 0 0 0 0 0 0 0 0 0 0 0 0 0 0 1 0 0 0 0
e33453009efeba82c1aee427ad03c0cc 0 0 0 0 0 0 0 0 0 0 0 0 0 0 0 0 1 0 0 0 0
83eec0609c8c01589ba0d1533d4bd981 0 0 0 0 0 0 0 0 0 0 0 0 0 0 0 0 1 0 0 0 0
8ce0a656244f8c1420035d1e04546710 0 0 0 0 0 0 0 0 0 0 0 0 0 0 0 0 1 0 0 0 0
f969e41d72d4077426d78f4024d44379 0 0 0 0 0 0 0 0 0 0 0 0 0 0 0 0 0 0 0 1 0
32bfbf48a43e93647a45376f67c0148f 0 0 0 0 0 0 0 0 0 0 0 0 0 0 0 0 1 0 0 0 0
d9e676b89f6c1f2f62f14f2a7a78c2eb 0 0 0 0 0 0 0 0 0 0 0 0 0 0 0 0 1 0 0 0 0
a68bfe1d1325ee0d2d103ee786cac387 0 0 0 0 0 0 0 0 0 0 0 0 0 1 0 0 0 0 0 0 0
899d3c096fc21f3472d87d19d45c7bce 0 0 0 0 0 0 0 0 1 0 0 0 0 0 0 0 0 0 0 0 0
61e4d0cdc8bfc83d93a27545ba6e6414 0 0 0 0 0 0 1 0 0 0 0 0 0 0 0 0 0 0 0 0 0
011cc34aa66454bbafa7797ab2ef8094 0 0 0 0 0 0 0 0 0 0 0 0 0 0 0 0 0 0 1 0 0
50e8dc29c679b6e07e5658481968a212 0 0 0 0 0 0 0 0 0 0 1 0 0 0 0 0 0 0 0 0 0
c17b925d31c8d4e1c0d9f3240129b1b0 0 0 0 0 0 0 0 0 0 0 0 0 0 0 0 0 1 0 0 0 0
f6d06d4f0960c2f0ab0358885109a8da 0 0 0 0 0 0 0 0 0 0 0 0 0 0 0 0 0 0 1 0 0
045a4d9fb1e822174ee3fbe2916ee93d 0 0 0 0 0 0 0 0 0 0 0 0 0 0 0 0 0 0 1 0 0
dc40ebbe152bb89c34dc3f7c7a6a91d6 0 1 0 0 0 0 0 0 0 0 0 0 0 0 0 0 0 0 0 0 0
021aa2146486cea7f65228d818fbfcd9 0 0 0 0 0 0 0 0 0 0 0 0 0 0 0 0 0 0 1 0 0
bac20b4a96c9a2b2811898a2c33ee477 0 0 0 0 0 0 0 0 0 0 0 0 0 0 0 0 1 0 0 0 0
d6cbe8792e34e08baf8c342c2243bc5f 0 0 0 0 0 0 0 0 0 0 0 0 0 0 0 0 1 0 0 0 0
84004435d259c518eb4af2bbaf9cf66a 0 0 0 0 0 0 0 0 0 0 0 0 0 0 0 0 1 0 0 0 0
8b1a4d16dd29f95a319434969fa485b6 0 0 0 0 0 0 0 0 0 0 0 0 0 0 0 0 1 0 0 0 0
562216992dc4b838f21a5df3ef79b020 0 0 0 0 0 0 0 0 0 0 0 0 0 0 0 0 1 0 0 0 0
b0cd60e2dd41dcd168fc534807d71c3c 0 0 0 0 0 0 0 0 0 0 0 0 0 0 0 0 0 0 1 0 0
cbcf4f714d8105bb0c003890eaaec20a 0 0 0 0 0 0 0 0 0 0 0 0 0 0 0 0 0 0 0 1 0
eb5447cbb54a788e8b2e439f2cfe216e 0 0 0 0 0 0 0 0 0 0 0 0 0 0 0 0 0 0 0 1 0
3859e42b9ad986b25340a1623b8b4a4e 0 0 0 0 0 0 0 0 0 0 0 0 0 0 0 0 1 0 0 0 0
f33f9af15c0c97cf4338eef2831a6e42 0 0 0 0 0 0 0 0 0 0 0 0 0 0 0 0 0 0 1 0 0
9e072b053b5f79e5d9786b9a8bdc03b5 0 0 0 0 0 0 0 0 0 0 0 0 0 0 0 0 1 0 0 0 0
f7bf5bc4e105d55268ff0c332004e312 0 0 0 0 0 0 0 0 0 0 0 0 0 0 0 0 1 0 0 0 0
5f4c79f974939be836ab9069dd7a04ff 0 0 0 0 0 0 0 0 0 0 1 0 0 0 0 0 0 0 0 0 0
63866b8e20d0dae7dd185ca97f3ac9bf 0 0 0 0 0 0 0 0 0 0 0 0 0 0 0 0 1 0 0 0 0
a27b0e7630e0d75a91c36c72724e328d 0 0 0 0 0 0 0 0 0 0 0 0 0 0 0 0 1 0 0 0 0
98bf3d6128d0e03da250cac68b0c0b62 0 0 0 0 0 0 0 0 0 0 0 0 0 0 0 0 1 0 0 0 0
0fdb8d29e20adda17d7573942f5f3926 0 0 0 0 0 0 0 0 0 0 0 0 1 0 0 0 0 0 0 0 0
1ee8eb3f405c5effa7132e8bb19bc1b2 0 0 0 0 0 0 0 0 0 0 0 0 1 0 0 0 0 0 0 0 0
44b90e28ebd17aa694c730977b1fda01 0 0 0 0 0 0 0 0 0 0 0 0 1 0 0 0 0 0 0 0 0
5dfe7c522183147325bad789d1ea8a97 0 0 0 0 0 0 0 0 0 0 0 0 1 0 0 0 0 0 0 0 0
6eda5d367f56d8c1d8541fb1677b4ab4 0 0 0 0 0 0 0 0 0 0 0 0 0 0 0 0 0 0 1 0 0
7b13b5250c1b310e9fb20e066d198d52 0 0 0 0 0 0 0 0 0 0 0 0 1 0 0 0 0 0 0 0 0
ff0c6641b0e6dc16948f8a72eabb9fe1 0 0 0 0 0 0 0 0 0 0 0 0 1 0 0 0 0 0 0 0 0
660ea69c6b305d5c175017082305973e 0 0 0 0 0 0 0 0 0 0 0 0 0 0 0 0 1 0 0 0 0
75a54b0402de9ff55635f5477bd0d476 0 0 0 0 0 0 0 0 0 0 0 0 0 0 0 0 1 0 0 0 0
f702a8a5b5bf21a7b21f569806319a28 0 0 0 0 0 0 0 0 0 0 0 0 0 0 0 0 1 0 0 0 0
4afd455c68b959b9def8021f61a155d7 0 0 0 0 0 0 0 0 0 0 0 0 0 0 0 0 1 0 0 0 0
e8726a35aa167659602ad28a6ab712e1 0 0 0 0 0 0 0 0 0 0 0 0 0 0 0 0 1 0 0 0 0
cc4b735f70f0cc24d714d2ea139080e3 0 0 0 0 0 0 0 0 0 0 0 0 0 0 0 0 0 0 0 1 0
eff4c8b74ccff4757fcd8fab7e126245 0 0 0 0 0 0 0 0 0 0 0 0 0 0 0 0 0 0 1 0 0
b24651b04ee40aa0250547f7e9448491 0 0 0 0 0 0 0 0 0 0 0 0 0 0 0 0 0 0 1 0 0
c8256fa72691d8aee90b18ed5968b108 0 1 0 0 0 0 0 0 0 0 0 0 0 0 0 0 0 0 0 0 0
e6da1c3364ea63560bf23d6f0d6cf495 0 0 0 0 0 0 0 0 0 0 1 0 0 0 0 0 0 0 0 0 0
d5325283c86f679f0bc4308e7ee60046 0 1 0 0 0 0 0 0 0 0 0 0 0 0 0 0 0 0 0 0 0
f0a97290b313d75bf141cf82993372c9 0 0 0 0 0 0 0 0 0 0 0 0 0 0 0 0 0 0 1 0 0
c3ccf2dd7a47334db9113c477d91f5ce 0 1 0 0 0 0 0 0 0 0 0 0 0 0 0 0 0 0 0 0 0
c579019773473b14ded105845a0f60d0 0 0 0 0 0 0 0 0 0 0 0 0 1 0 0 0 0 0 0 0 0
6b6b11d1e67ee543350f27fc25bc8b54 0 0 0 0 0 0 0 0 0 0 1 0 0 0 0 0 0 0 0 0 0
b6a60ddb7c659f69c202a927013645bd 0 0 0 0 0 0 0 0 0 0 0 0 0 1 0 0 0 0 0 0 0
8159aeae35ce4c589d5439acf45af566 0 0 0 0 0 0 0 0 0 0 0 0 0 0 0 0 0 0 1 0 0
ddbaae2ef6b3b5764dc81d8b4b60bcf3 0 0 0 0 0 0 0 0 0 0 0 0 0 0 0 0 0 0 1 0 0
8b11209882f7c82d909ccc60ef0d995c 0 0 0 0 0 0 0 0 1 0 0 0 0 0 0 0 0 0 0 0 0
fc60fd0353aea189b617d95a48507dbb 0 0 0 0 0 0 0 0 0 0 0 0 0 0 0 0 0 0 1 0 0
b7dfae0e0ff146ad97b5da8ba2023373 0 0 0 0 0 0 0 0 0 0 0 0 0 1 0 0 0 0 0 0 0
42ffd4ce6884b53b2239c8cf4a512c94 0 0 0 0 0 0 0 0 0 0 0 0 0 1 0 0 0 0 0 0 0
2b8b2d73203ac7293f6ed9f338fae306 0 0 0 0 0 0 0 0 0 0 0 0 0 1 0 0 0 0 0 0 0
2b0189abae0c3e292a826dae5b95cbd8 0 0 0 0 0 0 0 0 0 0 0 0 0 0 0 0 1 0 0 0 0
a01eaeb550ec41e8b7ffbbd8a76561c6 0 0 0 0 0 0 0 0 0 0 0 0 0 0 0 0 1 0 0 0 0
111f6a7ae2219c26597fc2f726ced0d0 0 0 0 0 0 0 0 0 0 0 0 0 0 0 0 0 1 0 0 0 0
72f4ed43b19e29d432257b2c294de79d 0 0 0 0 0 0 0 0 0 0 0 0 0 0 0 0 1 0 0 0 0
1a240c01db53f959c76402d6f9d386bd 0 0 0 0 0 0 0 0 0 0 0 0 0 0 0 0 1 0 0 0 0
315b6336e0b6f814ee4149b8c1b9fca4 0 0 0 0 0 0 0 0 0 0 0 0 0 0 0 0 0 0 1 0 0
5065c97187bd73eb3fdf83e52861c90f 0 0 0 0 0 0 0 0 0 0 0 0 0 0 0 0 0 0 1 0 0
665884ac4476e05420c187b89a39ff27 0 0 0 0 0 0 0 0 0 0 0 0 0 0 0 0 1 0 0 0 0
5a15df0503c88f0048d5f6270cc577dc 0 0 0 0 0 0 0 0 0 0 1 0 0 0 0 0 0 0 0 0 0
b4b9ea09fa7bc2390702c2086be3da5c 0 0 0 0 0 0 0 0 0 0 0 0 1 0 0 0 0 0 0 0 0
320bee3941fd47e02cfcf3bea44c7a02 0 0 0 0 0 0 1 0 0 0 0 0 0 0 0 0 0 0 0 0 0
094b2f993fdf9073ca558047f19854c3 0 0 0 0 0 0 0 0 0 0 1 0 0 0 0 0 0 0 0 0 0
f25d765222b52bd5f973334579fcfe79 0 0 0 0 0 0 0 0 0 0 1 0 0 0 0 0 0 0 0 0 0
c17a7957793704f1f0c3421fe76aefcc 0 0 0 0 0 0 0 0 0 0 0 0 0 0 1 0 0 0 0 0 0
1576066f8b022d8aecdbd21a6b426801 0 0 0 0 0 0 0 0 0 0 0 0 0 0 1 0 0 0 0 0 0
d3d7377023d8f4f7cd17033a54700043 0 0 0 0 0 0 0 0 0 0 0 0 0 0 1 0 0 0 0 0 0
8a1cb2da384b0296ff0ef69722740a5c 0 0 0 0 0 0 0 0 0 1 0 0 0 0 0 0 0 0 0 0 0
17ca0e1e9a17c2387a1f1cbd073f9ffe 0 0 0 0 0 0 0 0 0 0 0 0 0 0 0 1 0 0 0 0 0
1629e39efd4829fb5541af023376b8a1 0 0 0 0 0 0 0 0 0 0 0 0 0 0 0 1 0 0 0 0 0
8229b45b17d8ad7754323337eae0264c 0 0 0 0 0 0 0 0 0 1 0 0 0 0 0 0 0 0 0 0 0
f1a38e63c6c098f704f84f76c4edfc21 0 0 0 0 0 0 0 0 0 0 0 0 1 0 0 0 0 0 0 0 0
d2125d25869dd50a5c5a9c26de4a7d4d 0 0 0 0 0 0 0 0 0 0 0 0 1 0 0 0 0 0 0 0 0
fac578848054018490408e04cf24b0db 0 0 0 0 0 0 0 0 0 0 0 0 0 1 0 0 0 0 0 0 0
40d0c58b0812e0013c647af300626879 0 0 0 0 0 0 0 0 0 0 0 0 0 1 0 0 0 0 0 0 0
65fb9c51df02e8dfa672817d3c25ceba 0 0 0 0 0 0 0 0 0 1 0 0 0 0 0 0 0 0 0 0 0
088331bbadeb6649ea8e8473858266a7 0 0 0 0 0 0 0 0 0 0 0 0 0 0 0 1 0 0 0 0 0
aa8613b559f55f39b0979079680f97c6 0 0 0 0 0 0 0 0 0 0 0 0 0 0 1 0 0 0 0 0 0
cfc1c04614023e69e3c4a1c670e21346 0 0 0 0 0 0 0 0 0 1 0 0 0 0 0 0 0 0 0 0 0
6cf5fbd1e639111723a7a98d5771a1f0 0 0 0 0 0 0 0 0 0 1 0 0 0 0 0 0 0 0 0 0 0
fca06135f2bdacbd5ea42e1912103671 0 0 0 0 0 0 0 0 0 1 0 0 0 0 0 0 0 0 0 0 0
66d099a2a013e66fcace97eadc0815aa 0 0 0 0 0 0 0 0 0 0 0 0 1 0 0 0 0 0 0 0 0
b75a36087034622ea65b87d48048ee36 0 0 0 0 0 0 0 0 0 0 0 0 1 0 0 0 0 0 0 0 0
6037d5ac19b71031a53eecabd586f7a6 0 0 0 0 0 0 0 0 0 0 0 0 1 0 0 0 0 0 0 0 0
cbb53a6fea209e4048f3545f0daf9375 0 0 0 0 0 0 0 0 0 0 0 0 1 0 0 0 0 0 0 0 0
8c0db97a1f518701c65ade8ac85ee203 0 0 0 0 0 0 0 0 0 0 0 0 0 0 0 0 0 0 1 0 0
9b610f72b33ea8f1e13205f784118641 0 0 0 0 0 0 0 0 0 0 0 0 0 0 0 0 0 0 1 0 0
d14ba75acf2eeee5340d010d3d4978c4 0 0 0 0 0 0 0 0 0 0 0 0 0 0 0 0 1 0 0 0 0
34fa03581bcb29ecb9e4282534a5a45a 0 0 0 0 0 0 0 0 0 0 0 0 1 0 0 0 0 0 0 0 0
135d669d9b408af0f011353557ce97af 0 0 0 0 0 0 0 0 0 0 0 0 1 0 0 0 0 0 0 0 0
b809359a75113cab00142ff016b3c6da 0 0 0 0 0 0 0 0 1 0 0 0 0 0 0 0 0 0 0 0 0
ba58b7cbb7049c8f33779b8eece6ed2b 0 0 0 0 0 0 0 0 0 0 0 0 1 0 0 0 0 0 0 0 0
886434b9d08eb4ac3e4c9ae25e00229f 0 0 0 0 0 0 0 0 0 0 0 0 0 1 0 0 0 0 0 0 0
565e9a4ec41c26d2fcbb96a04f88d62c 0 0 1 0 0 0 0 0 0 0 0 0 0 0 0 0 0 0 0 0 0
3ddd9506442e9340ccde40ed67c1fe1f 0 0 0 0 0 0 0 0 0 0 0 0 0 0 0 0 1 0 0 0 0
c75d6ed029233c51d95aa3e51920d2b9 0 0 0 0 0 0 0 0 0 0 0 0 0 0 0 0 1 0 0 0 0
a62547f5a60c28c873518e01b1ebde98 0 0 0 0 0 0 0 0 0 0 0 0 0 0 0 0 1 0 0 0 0
7e9d23090f3996d7b2fff2a4b96de130 0 0 0 0 0 0 0 0 0 0 0 0 0 0 0 0 1 0 0 0 0
43505b115ba09bc8f4745821529932c6 1 0 0 0 0 0 0 0 0 0 0 0 0 0 0 0 0 0 0 0 0
82b1f9858efad651397cc9f7eff07ae3 0 0 0 0 0 0 0 0 0 0 0 0 1 0 0 0 0 0 0 0 0
6bec9445ea36dd8b784c70ec6c6753b4 0 0 0 0 0 0 0 0 0 0 0 0 0 0 0 0 1 0 0 0 0
b24cdbecfd99206cae22c9365154a0d3 0 0 0 0 0 0 0 0 0 0 0 0 0 0 0 0 1 0 0 0 0
d376d1093e57127c619baee4f6270b1f 0 0 0 0 0 0 0 0 0 0 0 0 0 0 0 0 1 0 0 0 0
9b5d9c92ee164ef5aafbcee45cbd7e1a 0 0 0 0 0 0 0 0 0 0 0 0 0 0 0 0 1 0 0 0 0
58c4ed47407cf70619ccd557cdb5c64f 0 0 0 0 0 0 0 0 0 0 0 0 0 1 0 0 0 0 0 0 0
de937bc7202d84eb10c9b227be637f37 0 0 0 0 0 0 0 0 0 0 0 0 0 1 0 0 0 0 0 0 0
cbcd1a19d7401f97840dda8d36b7cf5d 0 0 0 0 0 0 0 0 0 0 0 0 0 1 0 0 0 0 0 0 0
7d75ed920b3da154d5ae9c94c3893340 0 1 0 0 0 0 0 0 0 0 0 0 0 0 0 0 0 0 0 0 0
3d8e20da1d1d18dbcc4eba65b6cdd760 0 0 0 0 0 0 0 0 0 0 0 0 0 0 0 0 1 0 0 0 0
598a3507f086dccfb16fc5f09a58280b 0 0 0 0 0 0 0 0 0 0 0 0 0 0 0 0 1 0 0 0 0
32cebef09196a793999ff76e2c260110 0 0 0 0 0 0 0 0 0 0 0 0 0 0 0 0 0 0 1 0 0
6b630c2c8d015dfd40ba9dc139d45675 0 0 0 0 0 0 0 0 0 0 0 0 0 0 0 0 0 0 1 0 0
251629b3b7bc14cee38dd6f9a4b3bad7 0 0 0 0 0 0 0 0 0 0 0 0 0 0 0 0 0 0 1 0 0
b7e55d98e4a70707d1d4f8f52513a4c8 0 0 0 0 0 0 0 0 0 0 0 0 0 0 0 0 1 0 0 0 0
da4a31e977ae8ab557f66e28ceebf4e4 0 0 0 0 0 0 0 0 0 0 0 0 0 0 0 0 0 0 1 0 0
34032fe4a80b0653cc21ad128813339d 0 0 0 0 0 0 0 0 0 0 1 0 0 0 0 0 0 0 0 0 0
e35e6a312f51a4f00aca161cdad72e63 0 0 0 0 0 0 0 0 0 0 1 0 0 0 0 0 0 0 0 0 0
5b1d2725e265ff853431fcf91cd65b4f 0 0 0 0 0 0 0 0 0 0 0 0 0 0 0 0 0 0 1 0 0
9053d32044949bea5cbbea07f9b49171 0 0 0 0 0 0 0 0 0 0 0 0 0 1 0 0 0 0 0 0 0
eed7418141a9917184f680966e357269 0 0 0 0 0 0 0 0 0 0 0 0 0 0 0 0 1 0 0 0 0
5c48c81c2b1b25ca764b0d79d973e067 0 1 0 0 0 0 0 0 0 0 0 0 0 0 0 0 0 0 0 0 0
14c47fa38b12e03ac2b9c34563e537d7 0 1 0 0 0 0 0 0 0 0 0 0 0 0 0 0 0 0 0 0 0
7d7d6ab9b3f2e029fe8ba87de2c0ae99 0 1 0 0 0 0 0 0 0 0 0 0 0 0 0 0 0 0 0 0 0
bb60d7f01e2933e1195379fa5104940c 0 1 0 0 0 0 0 0 0 0 0 0 0 0 0 0 0 0 0 0 0
26a9068cd7abe507fcf13f7bb38bc269 0 1 0 0 0 0 0 0 0 0 0 0 0 0 0 0 0 0 0 0 0
c06d55e63272f876cbc9d71956cb8db6 0 1 0 0 0 0 0 0 0 0 0 0 0 0 0 0 0 0 0 0 0
844870162f0bd1a9d6d006ba7a680a45 0 1 0 0 0 0 0 0 0 0 0 0 0 0 0 0 0 0 0 0 0
320a47776232f25ecf83a813228905bf 0 1 0 0 0 0 0 0 0 0 0 0 0 0 0 0 0 0 0 0 0
5d195fa9a7a067cb2c7b4cf193eaa715 0 1 0 0 0 0 0 0 0 0 0 0 0 0 0 0 0 0 0 0 0
0d6af942ef325b45239d5bf79cb5d99a 0 1 0 0 0 0 0 0 0 0 0 0 0 0 0 0 0 0 0 0 0
ed5760443f1a5cbc7f93d694d7e72cae 0 1 0 0 0 0 0 0 0 0 0 0 0 0 0 0 0 0 0 0 0
62b889d0796e9a22eae62740fbfaf699 0 1 0 0 0 0 0 0 0 0 0 0 0 0 0 0 0 0 0 0 0
cdd05f5677ea2543538b676c0a85ae96 0 1 0 0 0 0 0 0 0 0 0 0 0 0 0 0 0 0 0 0 0
19af80228391be8a9d9f3a53f8c7e42c 0 1 0 0 0 0 0 0 0 0 0 0 0 0 0 0 0 0 0 0 0
49d2b5839196ba37d8df384f24ee9e5d 0 1 0 0 0 0 0 0 0 0 0 0 0 0 0 0 0 0 0 0 0
38f4c88a17608abd8e4ee0f311c5be39 0 1 0 0 0 0 0 0 0 0 0 0 0 0 0 0 0 0 0 0 0
41badae505ebfa94247a751652f7f092 0 1 0 0 0 0 0 0 0 0 0 0 0 0 0 0 0 0 0 0 0
39c00065bc8f55205f24d14825b42d41 0 1 0 0 0 0 0 0 0 0 0 0 0 0 0 0 0 0 0 0 0
c865ba383d34abcbbed448939be29861 0 1 0 0 0 0 0 0 0 0 0 0 0 0 0 0 0 0 0 0 0
253c65fc83424e92a2fe2ff5070edf21 0 1 0 0 0 0 0 0 0 0 0 0 0 0 0 0 0 0 0 0 0
ffc901da06d65c91b17537850cf4ab45 0 1 0 0 0 0 0 0 0 0 0 0 0 0 0 0 0 0 0 0 0
91020a84c04040c3074867e85d80f020 0 1 0 0 0 0 0 0 0 0 0 0 0 0 0 0 0 0 0 0 0
83f6a88e91cb3cf0387506075cf9cad8 0 1 0 0 0 0 0 0 0 0 0 0 0 0 0 0 0 0 0 0 0
648bf5fe36d858834c1b9c4f0e2c0504 0 1 0 0 0 0 0 0 0 0 0 0 0 0 0 0 0 0 0 0 0
c0c50e12575d7de76c4c0064f9c796f1 0 1 0 0 0 0 0 0 0 0 0 0 0 0 0 0 0 0 0 0 0
b40f98291631dc3a58fca9fbcfc08b9f 0 1 0 0 0 0 0 0 0 0 0 0 0 0 0 0 0 0 0 0 0
81d68b979fbcd0ff69034f5fca0a44d2 0 1 0 0 0 0 0 0 0 0 0 0 0 0 0 0 0 0 0 0 0
60b0ba1bd5a019b03c5042ea191ce6b4 0 1 0 0 0 0 0 0 0 0 0 0 0 0 0 0 0 0 0 0 0
ec76caa124a9cda8722ceab903ffe517 0 1 0 0 0 0 0 0 0 0 0 0 0 0 0 0 0 0 0 0 0
d1f7da4a5c346ffc3919817e688a32c9 0 1 0 0 0 0 0 0 0 0 0 0 0 0 0 0 0 0 0 0 0
69f55727a17e894f203661dcf9cad3f8 0 1 0 0 0 0 0 0 0 0 0 0 0 0 0 0 0 0 0 0 0
55dc07f8075a73d1689add70b05cb615 0 1 0 0 0 0 0 0 0 0 0 0 0 0 0 0 0 0 0 0 0
13c24f55d2332a2f17f415696964e256 0 1 0 0 0 0 0 0 0 0 0 0 0 0 0 0 0 0 0 0 0
a1563639e09559e2fa3bc9b3cbbe75a4 0 1 0 0 0 0 0 0 0 0 0 0 0 0 0 0 0 0 0 0 0
e0d41ddd275995c73eddcb44dae96809 0 1 0 0 0 0 0 0 0 0 0 0 0 0 0 0 0 0 0 0 0
0c6f842177d5c9784f865e73519bd5e7 0 1 0 0 0 0 0 0 0 0 0 0 0 0 0 0 0 0 0 0 0
66ce5db664f4df190627a02eb2c9060e 0 1 0 0 0 0 0 0 0 0 0 0 0 0 0 0 0 0 0 0 0
35747159dea32b00dca743bce4d3d4bb 0 1 0 0 0 0 0 0 0 0 0 0 0 0 0 0 0 0 0 0 0
d2401966028853acc893c351ea18deb4 0 1 0 0 0 0 0 0 0 0 0 0 0 0 0 0 0 0 0 0 0
460ede10e04b73198eb084d776becdaa 0 1 0 0 0 0 0 0 0 0 0 0 0 0 0 0 0 0 0 0 0
e93f933961e138e2f576db876f640e51 0 1 0 0 0 0 0 0 0 0 0 0 0 0 0 0 0 0 0 0 0
85c5d69ac0304eafd1307387782d6ab3 0 1 0 0 0 0 0 0 0 0 0 0 0 0 0 0 0 0 0 0 0
f23e998b5f7855b4cb8bdd62759f2d50 0 1 0 0 0 0 0 0 0 0 0 0 0 0 0 0 0 0 0 0 0
41cd61d8df5aed4180229b6c8d6e0360 0 1 0 0 0 0 0 0 0 0 0 0 0 0 0 0 0 0 0 0 0
8da6a3d2bc9c6e1d7c8f6ac403f8386b 0 1 0 0 0 0 0 0 0 0 0 0 0 0 0 0 0 0 0 0 0
a5290c8f8c04fa930529520f38ad35cf 0 1 0 0 0 0 0 0 0 0 0 0 0 0 0 0 0 0 0 0 0
754eb793b586a5090cd7805f2dc4a346 0 1 0 0 0 0 0 0 0 0 0 0 0 0 0 0 0 0 0 0 0
1019f0c7e1cc77f2839157f04f2c79a7 0 1 0 0 0 0 0 0 0 0 0 0 0 0 0 0 0 0 0 0 0
71984d2b4b1526fbf89e9dd003675ac0 0 1 0 0 0 0 0 0 0 0 0 0 0 0 0 0 0 0 0 0 0
87758b50b61ca2f372687fd9340245bf 0 1 0 0 0 0 0 0 0 0 0 0 0 0 0 0 0 0 0 0 0
ced9ce9a522de615c3eb2437a376ccd4 0 1 0 0 0 0 0 0 0 0 0 0 0 0 0 0 0 0 0 0 0
9c18b5aeb7bc9cd272a74c95549a2445 0 1 0 0 0 0 0 0 0 0 0 0 0 0 0 0 0 0 0 0 0
ded40e66d4470ea820da408cf52d11d2 0 1 0 0 0 0 0 0 0 0 0 0 0 0 0 0 0 0 0 0 0
fb26c8413efe4573e9b10fb586a88988 0 1 0 0 0 0 0 0 0 0 0 0 0 0 0 0 0 0 0 0 0
fa5b4a93e01f996a1c8b18a0933a8d99 0 1 0 0 0 0 0 0 0 0 0 0 0 0 0 0 0 0 0 0 0
d58ef4504c49746a1c1ef21a0f87e436 0 1 0 0 0 0 0 0 0 0 0 0 0 0 0 0 0 0 0 0 0
1e4d7d21fc4e8d7591a491f0b34bb2bd 0 1 0 0 0 0 0 0 0 0 0 0 0 0 0 0 0 0 0 0 0
b75385209199fe1294ddc51b4f041e21 0 0 0 0 0 0 0 0 1 0 0 0 0 0 0 0 0 0 0 0 0
5cc23411c1c599d1eb24defaa703a375 0 0 0 0 0 0 0 0 1 0 0 0 0 0 0 0 0 0 0 0 0
f9c9c261c0ef98d560592b49f39696a0 0 1 0 0 0 0 0 0 0 0 0 0 0 0 0 0 0 0 0 0 0
7993f1577dd39f649f68075b82ec81f3 0 1 0 0 0 0 0 0 0 0 0 0 0 0 0 0 0 0 0 0 0
68d27a430b48071541c9918fdbe956e1 0 1 0 0 0 0 0 0 0 0 0 0 0 0 0 0 0 0 0 0 0
77b8d173c40332bd99d14fa5b164428b 0 1 0 0 0 0 0 0 0 0 0 0 0 0 0 0 0 0 0 0 0
f5b5520cca30c7342bb79488a56c1ce6 0 1 0 0 0 0 0 0 0 0 0 0 0 0 0 0 0 0 0 0 0
7bd57ac336db8fee46ba1444a031c923 0 1 0 0 0 0 0 0 0 0 0 0 0 0 0 0 0 0 0 0 0
14b87326b7d6548764173052f71281e6 0 0 0 0 0 0 0 0 1 0 0 0 0 0 0 0 0 0 0 0 0
36849522e572f45782b744af0b95834e 0 1 0 0 0 0 0 0 0 0 0 0 0 0 0 0 0 0 0 0 0
aa96e049ca0c976865c2bc840ae3e112 0 1 0 0 0 0 0 0 0 0 0 0 0 0 0 0 0 0 0 0 0
515d44554cbd02b2b660091ac01122c3 0 1 0 0 0 0 0 0 0 0 0 0 0 0 0 0 0 0 0 0 0
b196310692ac9a0d7199ba1ca68fb7c5 0 1 0 0 0 0 0 0 0 0 0 0 0 0 0 0 0 0 0 0 0
96e1b7a424813113550ab5aca854a8d3 0 1 0 0 0 0 0 0 0 0 0 0 0 0 0 0 0 0 0 0 0
2391c9da45e806a8cb142e3bbdc77fb6 0 1 0 0 0 0 0 0 0 0 0 0 0 0 0 0 0 0 0 0 0
8c04edd20852c6d7c788c6c6e0148ba2 0 1 0 0 0 0 0 0 0 0 0 0 0 0 0 0 0 0 0 0 0
eb1266179f552c47dc3ad4cabbec59b3 0 1 0 0 0 0 0 0 0 0 0 0 0 0 0 0 0 0 0 0 0
7a3ebb08230db5550fff4565b899d3d5 0 1 0 0 0 0 0 0 0 0 0 0 0 0 0 0 0 0 0 0 0
d1e892c9247dc83b3faac6d5e64e07a8 0 1 0 0 0 0 0 0 0 0 0 0 0 0 0 0 0 0 0 0 0
2a0263d87bbde90d61b7cb6e52864e79 0 1 0 0 0 0 0 0 0 0 0 0 0 0 0 0 0 0 0 0 0
d209b4c89eef444928d8edce96a077d0 0 1 0 0 0 0 0 0 0 0 0 0 0 0 0 0 0 0 0 0 0
1e34770b97dde1a077bb3f135fd37552 0 1 0 0 0 0 0 0 0 0 0 0 0 0 0 0 0 0 0 0 0
dc67586649b070326035282f7303c42c 0 1 0 0 0 0 0 0 0 0 0 0 0 0 0 0 0 0 0 0 0
1b6c4e5b743a88322c69d8e01a4b700e 0 1 0 0 0 0 0 0 0 0 0 0 0 0 0 0 0 0 0 0 0
539876e3b23609706776c7982a091d6f 0 1 0 0 0 0 0 0 0 0 0 0 0 0 0 0 0 0 0 0 0
40f2d61cf5848843f344d93c444a8cd4 0 1 0 0 0 0 0 0 0 0 0 0 0 0 0 0 0 0 0 0 0
6a7aae3ffc11588838c382006baf024a 0 1 0 0 0 0 0 0 0 0 0 0 0 0 0 0 0 0 0 0 0
ecfcd4fdaf8cb7006d0ab1c79bfb1b9d 0 1 0 0 0 0 0 0 0 0 0 0 0 0 0 0 0 0 0 0 0
dc41afed519b2c57b79fdde0eb4ce01b 0 1 0 0 0 0 0 0 0 0 0 0 0 0 0 0 0 0 0 0 0
982c07901e7e22aa0fd99b3693826edf 0 1 0 0 0 0 0 0 0 0 0 0 0 0 0 0 0 0 0 0 0
693850a82e19fff096d1d0ad44930089 0 1 0 0 0 0 0 0 0 0 0 0 0 0 0 0 0 0 0 0 0
2785bede580dec7c89103c93bbf9049a 0 1 0 0 0 0 0 0 0 0 0 0 0 0 0 0 0 0 0 0 0
52e6251f32cc3549d37700db6c6e1bb5 0 1 0 0 0 0 0 0 0 0 0 0 0 0 0 0 0 0 0 0 0
4ceb96a80eaaa05bf5b8ea2b85be6ca8 0 1 0 0 0 0 0 0 0 0 0 0 0 0 0 0 0 0 0 0 0
7ac5ed2d7c3ca857920f29200d4f8128 0 1 0 0 0 0 0 0 0 0 0 0 0 0 0 0 0 0 0 0 0
54952d06d4eef6605c3b96a881b15c18 0 1 0 0 0 0 0 0 0 0 0 0 0 0 0 0 0 0 0 0 0
303e1b4af7208843e116ef34fe4265ee 0 0 0 0 0 0 0 0 1 0 0 0 0 0 0 0 0 0 0 0 0
6f4170fbecf6878e59c22cf42bf2cc1e 0 0 0 0 0 0 0 0 1 0 0 0 0 0 0 0 0 0 0 0 0
2cc4a69ae8a3de4910a05865e4eaf9a9 0 1 0 0 0 0 0 0 0 0 0 0 0 0 0 0 0 0 0 0 0
f064eb221e93389a7b8fec0ff6354c1f 0 0 0 0 0 0 0 0 1 0 0 0 0 0 0 0 0 0 0 0 0
ab467bf1ea14e2a4cfd32200827f2944 0 1 0 0 0 0 0 0 0 0 0 0 0 0 0 0 0 0 0 0 0
7917e777b4b967cd2dbb6e2202d67685 0 1 0 0 0 0 0 0 0 0 0 0 0 0 0 0 0 0 0 0 0
c206d2806ce1df95b132d68c48280202 0 1 0 0 0 0 0 0 0 0 0 0 0 0 0 0 0 0 0 0 0
a1955e0ce08d295f0ce7e25592d7355f 0 1 0 0 0 0 0 0 0 0 0 0 0 0 0 0 0 0 0 0 0
1481749cbf4029667655564569424f16 0 1 0 0 0 0 0 0 0 0 0 0 0 0 0 0 0 0 0 0 0
8044ac3c136c1b7052325923e865e0f5 0 1 0 0 0 0 0 0 0 0 0 0 0 0 0 0 0 0 0 0 0
b5d4847e52e713eb0302bb01e9585746 0 1 0 0 0 0 0 0 0 0 0 0 0 0 0 0 0 0 0 0 0
0fe10b0d61743acf1ec3516882afc4d6 0 1 0 0 0 0 0 0 0 0 0 0 0 0 0 0 0 0 0 0 0
4d6d37bb4fdb0a32541d25a253f0abc1 0 1 0 0 0 0 0 0 0 0 0 0 0 0 0 0 0 0 0 0 0
ffe3878473bb37fa1b095bd79cbf6568 0 1 0 0 0 0 0 0 0 0 0 0 0 0 0 0 0 0 0 0 0
a6790ac36669b22c7ed9eb34b10196a4 0 1 0 0 0 0 0 0 0 0 0 0 0 0 0 0 0 0 0 0 0
752b7f4c130a35dbb187e17a6d450c80 0 1 0 0 0 0 0 0 0 0 0 0 0 0 0 0 0 0 0 0 0
d634c015db870d79bb1bca3165ed3073 0 1 0 0 0 0 0 0 0 0 0 0 0 0 0 0 0 0 0 0 0
5a376a93fa774ac1af730bd7ee1bb456 0 1 0 0 0 0 0 0 0 0 0 0 0 0 0 0 0 0 0 0 0
28c3d2c570a320c42a7131ffef1b3ea8 0 1 0 0 0 0 0 0 0 0 0 0 0 0 0 0 0 0 0 0 0
6ad844a69e7a5f37de7d96bac2d84f60 0 1 0 0 0 0 0 0 0 0 0 0 0 0 0 0 0 0 0 0 0
ac403f1d0420a2b8bada0944b44d21f0 0 1 0 0 0 0 0 0 0 0 0 0 0 0 0 0 0 0 0 0 0
e273ad9c92e1d18239cf631198191639 0 1 0 0 0 0 0 0 0 0 0 0 0 0 0 0 0 0 0 0 0
ee3881cdd2475b2dc7a8f6349faf953d 0 1 0 0 0 0 0 0 0 0 0 0 0 0 0 0 0 0 0 0 0
a0d53eb1d5a916296e9b2105884cf968 0 1 0 0 0 0 0 0 0 0 0 0 0 0 0 0 0 0 0 0 0
21db7b13bec862587f2add5fa7a41937 0 1 0 0 0 0 0 0 0 0 0 0 0 0 0 0 0 0 0 0 0
011eb276a5196cee9541cdd2540be13f 0 1 0 0 0 0 0 0 0 0 0 0 0 0 0 0 0 0 0 0 0
0b0d0140cc2fa100b1e190eead8fbe76 0 1 0 0 0 0 0 0 0 0 0 0 0 0 0 0 0 0 0 0 0
31288ffc11bef55b8e8c7e2e84bb6787 0 1 0 0 0 0 0 0 0 0 0 0 0 0 0 0 0 0 0 0 0
53daca9f714d9f97c60ca666b8134a61 0 1 0 0 0 0 0 0 0 0 0 0 0 0 0 0 0 0 0 0 0
52cf7f4f7a19ed41412f850b62bdf35d 0 1 0 0 0 0 0 0 0 0 0 0 0 0 0 0 0 0 0 0 0
62c24cdab6abbd46023bcd067a33c639 0 1 0 0 0 0 0 0 0 0 0 0 0 0 0 0 0 0 0 0 0
ff2b36988649311fb6422e9eb9c0336f 0 1 0 0 0 0 0 0 0 0 0 0 0 0 0 0 0 0 0 0 0
b4fd98aadb334a16424fa6256763d173 0 1 0 0 0 0 0 0 0 0 0 0 0 0 0 0 0 0 0 0 0
108ef8726b5b1a7d317d3ce46bbcf6f2 0 1 0 0 0 0 0 0 0 0 0 0 0 0 0 0 0 0 0 0 0
efc44de507c22bca563b828e8ff611c3 0 1 0 0 0 0 0 0 0 0 0 0 0 0 0 0 0 0 0 0 0
6dfd093c87b3bd1783227309290c1bd5 0 1 0 0 0 0 0 0 0 0 0 0 0 0 0 0 0 0 0 0 0
9454c348b6fd33fcda71fafec9a9f3de 0 1 0 0 0 0 0 0 0 0 0 0 0 0 0 0 0 0 0 0 0
511fcaea2148280ef0aa82be5a63e1da 0 1 0 0 0 0 0 0 0 0 0 0 0 0 0 0 0 0 0 0 0
ecdcdcbaa5c85e688532df5dbd3d7e49 0 1 0 0 0 0 0 0 0 0 0 0 0 0 0 0 0 0 0 0 0
2515f1ddddaa5e582df5884b9378b119 0 1 0 0 0 0 0 0 0 0 0 0 0 0 0 0 0 0 0 0 0
92ee9545e9aab910305003bd3dcaa164 0 1 0 0 0 0 0 0 0 0 0 0 0 0 0 0 0 0 0 0 0
78f0f3a608c32e923cfedfd9f08a8730 0 1 0 0 0 0 0 0 0 0 0 0 0 0 0 0 0 0 0 0 0
d786d2cbb43bc03fd8ae57c6e08d62c0 0 1 0 0 0 0 0 0 0 0 0 0 0 0 0 0 0 0 0 0 0
d2cdcf0efb4da75203d22f72ca060808 0 1 0 0 0 0 0 0 0 0 0 0 0 0 0 0 0 0 0 0 0
fa3bbc9a3e168490addd7f92c32046d3 0 1 0 0 0 0 0 0 0 0 0 0 0 0 0 0 0 0 0 0 0
ca661bf478bf5157e855a05f23120a2a 0 1 0 0 0 0 0 0 0 0 0 0 0 0 0 0 0 0 0 0 0
2e9cbfaf69cc140a4f376f1f9afd00b8 0 1 0 0 0 0 0 0 0 0 0 0 0 0 0 0 0 0 0 0 0
90fcdd51f795ce7d151d1e8b16874fc3 0 1 0 0 0 0 0 0 0 0 0 0 0 0 0 0 0 0 0 0 0
41db1779640d3a95b4f599d9d5817428 0 1 0 0 0 0 0 0 0 0 0 0 0 0 0 0 0 0 0 0 0
4ed9a4a68ad36f5c1ae77c9b88e5f741 0 1 0 0 0 0 0 0 0 0 0 0 0 0 0 0 0 0 0 0 0
1bd4c18dc43b311620ac5e149f1edb82 0 1 0 0 0 0 0 0 0 0 0 0 0 0 0 0 0 0 0 0 0
d74dcb0411d145d5ca3c20e9f98e063c 0 1 0 0 0 0 0 0 0 0 0 0 0 0 0 0 0 0 0 0 0
0b085cc3e1c90f356693c8dfdc4c7f54 0 1 0 0 0 0 0 0 0 0 0 0 0 0 0 0 0 0 0 0 0
8276c759739a437dc9bc79f56a9d0f91 0 1 0 0 0 0 0 0 0 0 0 0 0 0 0 0 0 0 0 0 0
be58a9d57e7ec21014a2d36893ebfa54 0 1 0 0 0 0 0 0 0 0 0 0 0 0 0 0 0 0 0 0 0
397e86e8df6d6bf43317d3596f0af539 0 1 0 0 0 0 0 0 0 0 0 0 0 0 0 0 0 0 0 0 0
b009d20d7f73e32ae338c25f3e3b7df5 0 1 0 0 0 0 0 0 0 0 0 0 0 0 0 0 0 0 0 0 0
c049c07c4d662e6863b8018529afc911 0 1 0 0 0 0 0 0 0 0 0 0 0 0 0 0 0 0 0 0 0
dbdfc89196d946e1c482b794ed91e7a1 0 1 0 0 0 0 0 0 0 0 0 0 0 0 0 0 0 0 0 0 0
67b907f47662279189230222ce57f35d 0 1 0 0 0 0 0 0 0 0 0 0 0 0 0 0 0 0 0 0 0
f0b8ce6de74c3233dc3677a8fb845d8f 0 1 0 0 0 0 0 0 0 0 0 0 0 0 0 0 0 0 0 0 0
013c01b9e42236b5ec0b6810b05e6081 0 1 0 0 0 0 0 0 0 0 0 0 0 0 0 0 0 0 0 0 0
64b83baffe622cbe608c90a57fd9fe71 0 1 0 0 0 0 0 0 0 0 0 0 0 0 0 0 0 0 0 0 0
9f06d1f4fc63332ba6f97cf9c2a435af 0 1 0 0 0 0 0 0 0 0 0 0 0 0 0 0 0 0 0 0 0
b075cec06555724df766611ea88e6db1 0 1 0 0 0 0 0 0 0 0 0 0 0 0 0 0 0 0 0 0 0
faa78c902908adfa159b81813ba69a13 0 1 0 0 0 0 0 0 0 0 0 0 0 0 0 0 0 0 0 0 0
18d3a4c27116d77dd0753ad0ab6fd3b7 0 1 0 0 0 0 0 0 0 0 0 0 0 0 0 0 0 0 0 0 0
50e600ff751ab55653af09af55843d40 0 1 0 0 0 0 0 0 0 0 0 0 0 0 0 0 0 0 0 0 0
fbb491af02d177db2171a823b50f85e7 0 1 0 0 0 0 0 0 0 0 0 0 0 0 0 0 0 0 0 0 0
92fa718de528b206d67d6a148668eeee 0 1 0 0 0 0 0 0 0 0 0 0 0 0 0 0 0 0 0 0 0
f13e030d67f90ebb79c1b6cd918fef8d 0 1 0 0 0 0 0 0 0 0 0 0 0 0 0 0 0 0 0 0 0
4d2c2e91ada48d802076f3de17483860 0 1 0 0 0 0 0 0 0 0 0 0 0 0 0 0 0 0 0 0 0
8b832f37f98673dcae64234d78783d2b 0 1 0 0 0 0 0 0 0 0 0 0 0 0 0 0 0 0 0 0 0
83b70e3f4547263b6b5d974b69afea0e 0 1 0 0 0 0 0 0 0 0 0 0 0 0 0 0 0 0 0 0 0
8232d9ee615e2365d08f897964b21ae2 0 1 0 0 0 0 0 0 0 0 0 0 0 0 0 0 0 0 0 0 0
2c0de8d6afb5c7d8ac9fd28e39dd908b 0 1 0 0 0 0 0 0 0 0 0 0 0 0 0 0 0 0 0 0 0
e7ca9e4e1e7d3583f8b0aa54103008c0 0 1 0 0 0 0 0 0 0 0 0 0 0 0 0 0 0 0 0 0 0
bc9df31a47b639c5fb310db4b35b6bac 0 1 0 0 0 0 0 0 0 0 0 0 0 0 0 0 0 0 0 0 0
fb14fb3820cceff6761bdd074e91fd61 0 1 0 0 0 0 0 0 0 0 0 0 0 0 0 0 0 0 0 0 0
6edeb388442f779ffcf22b186e947006 0 1 0 0 0 0 0 0 0 0 0 0 0 0 0 0 0 0 0 0 0
d39f6b8d61475a6fbbef40849c257003 0 1 0 0 0 0 0 0 0 0 0 0 0 0 0 0 0 0 0 0 0
dc7ee0bcb3132af6940f0c7650de40e2 0 1 0 0 0 0 0 0 0 0 0 0 0 0 0 0 0 0 0 0 0
3772a05644551d63c9d79ceb650fc438 0 1 0 0 0 0 0 0 0 0 0 0 0 0 0 0 0 0 0 0 0
e6b7c170623af14ecd01f1765d47d505 0 1 0 0 0 0 0 0 0 0 0 0 0 0 0 0 0 0 0 0 0
07511dfd65e9b8e1c1e7c5712a449127 0 1 0 0 0 0 0 0 0 0 0 0 0 0 0 0 0 0 0 0 0
794f1612248753a0f67590f81599a21b 0 1 0 0 0 0 0 0 0 0 0 0 0 0 0 0 0 0 0 0 0
1663f88965bd3e441436fe0a39517d4c 0 1 0 0 0 0 0 0 0 0 0 0 0 0 0 0 0 0 0 0 0
823604ec7cb7419f179b12a43f309718 0 1 0 0 0 0 0 0 0 0 0 0 0 0 0 0 0 0 0 0 0
989a0efa05c67825b623df682ae0abbc 0 1 0 0 0 0 0 0 0 0 0 0 0 0 0 0 0 0 0 0 0
fc5a9d70e1995ed3d2a45c6c58ff5640 0 1 0 0 0 0 0 0 0 0 0 0 0 0 0 0 0 0 0 0 0
3016b670fe0f13391b231607206e5063 0 1 0 0 0 0 0 0 0 0 0 0 0 0 0 0 0 0 0 0 0
1fe44b1563b72a64857ca7d0195aa5d6 0 1 0 0 0 0 0 0 0 0 0 0 0 0 0 0 0 0 0 0 0
e6f1def02248c2bc24c1227d3c6aa45f 0 1 0 0 0 0 0 0 0 0 0 0 0 0 0 0 0 0 0 0 0
e305164e75e874902ae00c1df7fd1a9b 0 1 0 0 0 0 0 0 0 0 0 0 0 0 0 0 0 0 0 0 0
bc8a4c112e1da9ccca228ac656372260 0 1 0 0 0 0 0 0 0 0 0 0 0 0 0 0 0 0 0 0 0
a369d09467bb5e09cf51598c575ed7e0 0 1 0 0 0 0 0 0 0 0 0 0 0 0 0 0 0 0 0 0 0
7ef863a7bebfd8469e1340bebc27ba3a 0 1 0 0 0 0 0 0 0 0 0 0 0 0 0 0 0 0 0 0 0
892c29f25dae72e982c7a28a7b1f1e96 0 1 0 0 0 0 0 0 0 0 0 0 0 0 0 0 0 0 0 0 0
2619ce1dcbe519ff55f505343dff4f84 0 1 0 0 0 0 0 0 0 0 0 0 0 0 0 0 0 0 0 0 0
c49c40018926c4cb930679c2784f9fa4 0 1 0 0 0 0 0 0 0 0 0 0 0 0 0 0 0 0 0 0 0
1df3c4e42d8da7e9a80c1bfabc540a36 0 1 0 0 0 0 0 0 0 0 0 0 0 0 0 0 0 0 0 0 0
b0753f9dbfd704258779fd3b3bed1046 0 1 0 0 0 0 0 0 0 0 0 0 0 0 0 0 0 0 0 0 0
0c991d68be1943df4fbf2ba3001d5c36 0 1 0 0 0 0 0 0 0 0 0 0 0 0 0 0 0 0 0 0 0
645ae14f95a2292d594f968b0cb18bfb 0 1 0 0 0 0 0 0 0 0 0 0 0 0 0 0 0 0 0 0 0
8722c23efe1b1c9aec17bc6dc3c5326c 0 1 0 0 0 0 0 0 0 0 0 0 0 0 0 0 0 0 0 0 0
04eff99c44fc586ced6b51a2d7b70671 0 1 0 0 0 0 0 0 0 0 0 0 0 0 0 0 0 0 0 0 0
b80d661b0fcc1a4406443dcbb14246d0 0 1 0 0 0 0 0 0 0 0 0 0 0 0 0 0 0 0 0 0 0
8eed0691aeed87f5f94036dcf31f9e1b 0 1 0 0 0 0 0 0 0 0 0 0 0 0 0 0 0 0 0 0 0
43015dc60e1b0609f4c0679cb86188d3 0 1 0 0 0 0 0 0 0 0 0 0 0 0 0 0 0 0 0 0 0
5f0086f822a8586d09dfa11895b5aed6 0 1 0 0 0 0 0 0 0 0 0 0 0 0 0 0 0 0 0 0 0
5e67f7507cfccccd3795df5241eda4a4 0 1 0 0 0 0 0 0 0 0 0 0 0 0 0 0 0 0 0 0 0
685556ccc01e0139778722d0dd51e6a9 0 1 0 0 0 0 0 0 0 0 0 0 0 0 0 0 0 0 0 0 0
45300074015d7d7c7f48c485f71dff13 0 1 0 0 0 0 0 0 0 0 0 0 0 0 0 0 0 0 0 0 0
ff594f886045140976669c37784da2dd 0 1 0 0 0 0 0 0 0 0 0 0 0 0 0 0 0 0 0 0 0
1bb37980d4ed80eebe5a8f60355527c3 0 1 0 0 0 0 0 0 0 0 0 0 0 0 0 0 0 0 0 0 0
f5d1b17b70726ac8335df9bf3fa52c22 0 1 0 0 0 0 0 0 0 0 0 0 0 0 0 0 0 0 0 0 0
d89dde2e6e23e6442f5bdfe772632ddf 0 1 0 0 0 0 0 0 0 0 0 0 0 0 0 0 0 0 0 0 0
bf7d5d0e5aa2459b1d00009a3380d6de 0 1 0 0 0 0 0 0 0 0 0 0 0 0 0 0 0 0 0 0 0
8b2dc63954b379941b6b305b7123f7e6 0 1 0 0 0 0 0 0 0 0 0 0 0 0 0 0 0 0 0 0 0
3ae70a82c377a1c90109f706ebe1a1b0 0 1 0 0 0 0 0 0 0 0 0 0 0 0 0 0 0 0 0 0 0
de451c079a128bcb1942032a8c14b197 0 1 0 0 0 0 0 0 0 0 0 0 0 0 0 0 0 0 0 0 0
027389c7c6216e531cd6a89cce18bb65 0 1 0 0 0 0 0 0 0 0 0 0 0 0 0 0 0 0 0 0 0
df16f78caddaca50ea40cd8fc02a228e 0 1 0 0 0 0 0 0 0 0 0 0 0 0 0 0 0 0 0 0 0
0354a96a8caa43acdf1da3942a4b9ed1 0 1 0 0 0 0 0 0 0 0 0 0 0 0 0 0 0 0 0 0 0
6eadc29936c7e4e2026e250bdd07251a 0 1 0 0 0 0 0 0 0 0 0 0 0 0 0 0 0 0 0 0 0
48966c3683d26002d4799bd03c859583 0 1 0 0 0 0 0 0 0 0 0 0 0 0 0 0 0 0 0 0 0
3841a4bca9b356b49261589a4b5f8cc1 0 1 0 0 0 0 0 0 0 0 0 0 0 0 0 0 0 0 0 0 0
b08866e36427925abff339a37c98fd68 0 1 0 0 0 0 0 0 0 0 0 0 0 0 0 0 0 0 0 0 0
5114a783869295470e21dea82ad54985 0 1 0 0 0 0 0 0 0 0 0 0 0 0 0 0 0 0 0 0 0
d0bada46ecae93a154ca2bd417f985c3 0 1 0 0 0 0 0 0 0 0 0 0 0 0 0 0 0 0 0 0 0
c478ad431e984da91ed76fd6837203ed 0 1 0 0 0 0 0 0 0 0 0 0 0 0 0 0 0 0 0 0 0
08feb254c68360ecfcf952442523d0d2 0 1 0 0 0 0 0 0 0 0 0 0 0 0 0 0 0 0 0 0 0
d113e303696d10de93dd2d10a0d15ee7 0 1 0 0 0 0 0 0 0 0 0 0 0 0 0 0 0 0 0 0 0
5b84f65b12e6923e971c41be626fb286 0 1 0 0 0 0 0 0 0 0 0 0 0 0 0 0 0 0 0 0 0
9685e6295e68a8053cba7e4d6bc3e97c 0 1 0 0 0 0 0 0 0 0 0 0 0 0 0 0 0 0 0 0 0
83c89d7a8a9192f67a057e187d901766 0 1 0 0 0 0 0 0 0 0 0 0 0 0 0 0 0 0 0 0 0
8396910f7bd34e7e0b222f5570335e1f 0 1 0 0 0 0 0 0 0 0 0 0 0 0 0 0 0 0 0 0 0
152877d3040ed598dd986c1fc6087bbd 0 1 0 0 0 0 0 0 0 0 0 0 0 0 0 0 0 0 0 0 0
79ecc799975cb14378ddea47905ebee7 0 1 0 0 0 0 0 0 0 0 0 0 0 0 0 0 0 0 0 0 0
deba28011048de958425234951619151 0 1 0 0 0 0 0 0 0 0 0 0 0 0 0 0 0 0 0 0 0
873c1804520e0e9ea1fac14edccf0bcc 0 1 0 0 0 0 0 0 0 0 0 0 0 0 0 0 0 0 0 0 0
1c9773eccf9b8d72a84e9204a15e7673 0 1 0 0 0 0 0 0 0 0 0 0 0 0 0 0 0 0 0 0 0
f46d0e805dc0371f75e150bfc6252a82 0 1 0 0 0 0 0 0 0 0 0 0 0 0 0 0 0 0 0 0 0
8c2c4f673a7bf9712fb71941f58df4fd 0 1 0 0 0 0 0 0 0 0 0 0 0 0 0 0 0 0 0 0 0
c792fcecba5cae7b2759554df4b58b23 0 1 0 0 0 0 0 0 0 0 0 0 0 0 0 0 0 0 0 0 0
4d6666406219cb43546fc9b4e5f0be6a 0 1 0 0 0 0 0 0 0 0 0 0 0 0 0 0 0 0 0 0 0
dbc3ce6e9bf73254308f63582481ec46 0 1 0 0 0 0 0 0 0 0 0 0 0 0 0 0 0 0 0 0 0
22269ccb11dcf09f4732e6aed0368f13 0 1 0 0 0 0 0 0 0 0 0 0 0 0 0 0 0 0 0 0 0
89be1bc0af6f4cd70a872429c7621655 0 1 0 0 0 0 0 0 0 0 0 0 0 0 0 0 0 0 0 0 0
ab34bbf1c7a19b0d0a27e51c3c870269 0 1 0 0 0 0 0 0 0 0 0 0 0 0 0 0 0 0 0 0 0
e79102054cf037f7d25873ed16129f65 0 1 0 0 0 0 0 0 0 0 0 0 0 0 0 0 0 0 0 0 0
842124be62adb543b868ec0f761a356f 0 1 0 0 0 0 0 0 0 0 0 0 0 0 0 0 0 0 0 0 0
9c3d827fd6ad63c61022c49c02a95ad7 0 1 0 0 0 0 0 0 0 0 0 0 0 0 0 0 0 0 0 0 0
16bbee40dc77c8354c1cec21db0687a4 0 1 0 0 0 0 0 0 0 0 0 0 0 0 0 0 0 0 0 0 0
d5dccd0861f0c4cd2f4cb433638e60f4 0 1 0 0 0 0 0 0 0 0 0 0 0 0 0 0 0 0 0 0 0
81d7836a1c1c362c653e0d3dad1c6d33 0 1 0 0 0 0 0 0 0 0 0 0 0 0 0 0 0 0 0 0 0
8a68882beb7f0dae48fb53a59b1ade03 0 1 0 0 0 0 0 0 0 0 0 0 0 0 0 0 0 0 0 0 0
d702e569eabccac045829815b7f02bbb 0 1 0 0 0 0 0 0 0 0 0 0 0 0 0 0 0 0 0 0 0
d35ee72758287efdc678dc52debea605 0 1 0 0 0 0 0 0 0 0 0 0 0 0 0 0 0 0 0 0 0
3ae585a641d157b1cb179b2f0ee96cee 0 1 0 0 0 0 0 0 0 0 0 0 0 0 0 0 0 0 0 0 0
7d81b531df00cf250a87d1a4bca5188c 0 1 0 0 0 0 0 0 0 0 0 0 0 0 0 0 0 0 0 0 0
8a9fe6c0636b550f8a2872fc67fc4000 0 1 0 0 0 0 0 0 0 0 0 0 0 0 0 0 0 0 0 0 0
f9b532737ecb7ec3949f1b46ad529461 0 1 0 0 0 0 0 0 0 0 0 0 0 0 0 0 0 0 0 0 0
761361098a29f3dc9c2b2f1b12900b4c 0 1 0 0 0 0 0 0 0 0 0 0 0 0 0 0 0 0 0 0 0
e39a3d824a4798e9d14ab2150ed81fd2 0 1 0 0 0 0 0 0 0 0 0 0 0 0 0 0 0 0 0 0 0
b3f2b9086ca017532158a585ccb0b995 0 1 0 0 0 0 0 0 0 0 0 0 0 0 0 0 0 0 0 0 0
9be3ae33997383d84cc13edb9703c876 0 1 0 0 0 0 0 0 0 0 0 0 0 0 0 0 0 0 0 0 0
c0fb663eb9b3113e93e7477c0eed40b1 0 1 0 0 0 0 0 0 0 0 0 0 0 0 0 0 0 0 0 0 0
ea9193ddcbbbb1a93797a070a66d58af 0 1 0 0 0 0 0 0 0 0 0 0 0 0 0 0 0 0 0 0 0
c0092ae5a56ecd73ccfd14339982e871 0 1 0 0 0 0 0 0 0 0 0 0 0 0 0 0 0 0 0 0 0
b90fe14f132f26d7bba59316e95ec484 0 1 0 0 0 0 0 0 0 0 0 0 0 0 0 0 0 0 0 0 0
ee6d613af5af668952190c4721e8ef9b 0 1 0 0 0 0 0 0 0 0 0 0 0 0 0 0 0 0 0 0 0
7c0a51ea63d959c268c568f10c793d9f 0 1 0 0 0 0 0 0 0 0 0 0 0 0 0 0 0 0 0 0 0
fe9334f2ccab7f0f838dfbf559749806 0 1 0 0 0 0 0 0 0 0 0 0 0 0 0 0 0 0 0 0 0
5d30fe891c044260595254562ef5d3f8 0 1 0 0 0 0 0 0 0 0 0 0 0 0 0 0 0 0 0 0 0
5513ad710b2434693bd78a6a658642d6 0 1 0 0 0 0 0 0 0 0 0 0 0 0 0 0 0 0 0 0 0
203e561c209ab45c4edf122f27f98da7 0 1 0 0 0 0 0 0 0 0 0 0 0 0 0 0 0 0 0 0 0
d817237d323b8698e7cbfefb88fc83a3 0 1 0 0 0 0 0 0 0 0 0 0 0 0 0 0 0 0 0 0 0
8f4a0cb914a67974be286ff61d50bcad 0 1 0 0 0 0 0 0 0 0 0 0 0 0 0 0 0 0 0 0 0
959a1a755bbbf227ede1ececc402fc81 0 1 0 0 0 0 0 0 0 0 0 0 0 0 0 0 0 0 0 0 0
0bdf39fd43a1fd6c9ebfa52a78af0700 0 1 0 0 0 0 0 0 0 0 0 0 0 0 0 0 0 0 0 0 0
f80eef4be0808ec5bda31d88407a0d99 0 1 0 0 0 0 0 0 0 0 0 0 0 0 0 0 0 0 0 0 0
61d82d9cc00387598c12a082a0c4f4b0 0 1 0 0 0 0 0 0 0 0 0 0 0 0 0 0 0 0 0 0 0
33d4076a0d920e761b01975a1fdc0c33 0 1 0 0 0 0 0 0 0 0 0 0 0 0 0 0 0 0 0 0 0
c8d73500db0fd607a67bc463fe621ae4 0 1 0 0 0 0 0 0 0 0 0 0 0 0 0 0 0 0 0 0 0
0646e6e1e4cfc833e4c1b59c7ade56bb 0 1 0 0 0 0 0 0 0 0 0 0 0 0 0 0 0 0 0 0 0
cf4e64048c1d944845a0856ea569a8a3 0 1 0 0 0 0 0 0 0 0 0 0 0 0 0 0 0 0 0 0 0
4d8b1fb6fb99f60e6a7f7c3dd2c7366c 0 1 0 0 0 0 0 0 0 0 0 0 0 0 0 0 0 0 0 0 0
8d0ca1e9b633a50429880d7e3d628ab4 0 1 0 0 0 0 0 0 0 0 0 0 0 0 0 0 0 0 0 0 0
477d76b52099bd8af937a7089b543814 0 1 0 0 0 0 0 0 0 0 0 0 0 0 0 0 0 0 0 0 0
bf6b7408f54bdcf4204e3878239d8d39 0 1 0 0 0 0 0 0 0 0 0 0 0 0 0 0 0 0 0 0 0
cfac1fbe6363255063306efce79760eb 0 1 0 0 0 0 0 0 0 0 0 0 0 0 0 0 0 0 0 0 0
260d71623b2b4578fed97f45a40f77ff 0 1 0 0 0 0 0 0 0 0 0 0 0 0 0 0 0 0 0 0 0
c7277a8883db191a21706eed81f3a17f 0 1 0 0 0 0 0 0 0 0 0 0 0 0 0 0 0 0 0 0 0
60b4319c0a9aee2bc06decba44fbc546 0 1 0 0 0 0 0 0 0 0 0 0 0 0 0 0 0 0 0 0 0
a4bd1ba844c73ae0ca59607003f3df95 0 1 0 0 0 0 0 0 0 0 0 0 0 0 0 0 0 0 0 0 0
647f3a69dd7f59b27b84081ce6488941 0 1 0 0 0 0 0 0 0 0 0 0 0 0 0 0 0 0 0 0 0
38ad572aa35a110c41d915bebd2f4811 0 1 0 0 0 0 0 0 0 0 0 0 0 0 0 0 0 0 0 0 0
1f22385db4fcd7d5c766a4b894e6a804 0 1 0 0 0 0 0 0 0 0 0 0 0 0 0 0 0 0 0 0 0
ca5b9f9f3020ce757c1853ea64c73be8 0 1 0 0 0 0 0 0 0 0 0 0 0 0 0 0 0 0 0 0 0
f69d92b25ac2752fface4109dc05e3b7 0 1 0 0 0 0 0 0 0 0 0 0 0 0 0 0 0 0 0 0 0
579af52a4832bbcf86cbeb31e108ce63 0 1 0 0 0 0 0 0 0 0 0 0 0 0 0 0 0 0 0 0 0
bb767da323c90c1ecfa613d79537f257 0 1 0 0 0 0 0 0 0 0 0 0 0 0 0 0 0 0 0 0 0
c2fe65410d085fe3a45a5d99b1700d62 0 1 0 0 0 0 0 0 0 0 0 0 0 0 0 0 0 0 0 0 0
eeb998c7ede7b474e125fa0ac63a115f 0 1 0 0 0 0 0 0 0 0 0 0 0 0 0 0 0 0 0 0 0
6275d3f1c91e8be7aa931d74ab9a3be9 0 1 0 0 0 0 0 0 0 0 0 0 0 0 0 0 0 0 0 0 0
378224dfd6167e9d4da91b2da22153bd 0 1 0 0 0 0 0 0 0 0 0 0 0 0 0 0 0 0 0 0 0
8566fd3528ba93e72ecf0155aa1b2213 0 1 0 0 0 0 0 0 0 0 0 0 0 0 0 0 0 0 0 0 0
970c3183abbed8ab2146a3ba31ceadcc 0 1 0 0 0 0 0 0 0 0 0 0 0 0 0 0 0 0 0 0 0
9d67119a75aed181490b5708424cc36a 0 1 0 0 0 0 0 0 0 0 0 0 0 0 0 0 0 0 0 0 0
e1714277a6240c7cb7634befbef2d20e 0 1 0 0 0 0 0 0 0 0 0 0 0 0 0 0 0 0 0 0 0
b6863683a87c8bbac7d4042c34a7a7a1 0 1 0 0 0 0 0 0 0 0 0 0 0 0 0 0 0 0 0 0 0
0fccb2c78100cfa0e959d3e52b6bae92 0 1 0 0 0 0 0 0 0 0 0 0 0 0 0 0 0 0 0 0 0
1a164bdb2ad9f68aac6a302662e8c046 0 1 0 0 0 0 0 0 0 0 0 0 0 0 0 0 0 0 0 0 0
4a8b9f23b4108e2c8c92b9abdc68598c 0 1 0 0 0 0 0 0 0 0 0 0 0 0 0 0 0 0 0 0 0
d462720caca318fc966c3db86e637020 0 1 0 0 0 0 0 0 0 0 0 0 0 0 0 0 0 0 0 0 0
a3dcf72b8c73a680de3065078360a219 0 1 0 0 0 0 0 0 0 0 0 0 0 0 0 0 0 0 0 0 0
20326a07a93ef597d42f47221f2f2eb2 0 1 0 0 0 0 0 0 0 0 0 0 0 0 0 0 0 0 0 0 0
97b8d58c9db4d46c759fe202ec2b14e9 0 1 0 0 0 0 0 0 0 0 0 0 0 0 0 0 0 0 0 0 0
930e6c6f2db3a6d865cfce08ad0abcc4 0 1 0 0 0 0 0 0 0 0 0 0 0 0 0 0 0 0 0 0 0
abd7684a8e45f02e7cbcd9a0a891fd0c 0 1 0 0 0 0 0 0 0 0 0 0 0 0 0 0 0 0 0 0 0
83762d1b24db345641bc7d60058dc486 0 1 0 0 0 0 0 0 0 0 0 0 0 0 0 0 0 0 0 0 0
8c491378a802782d43edd5d0884adc1c 0 1 0 0 0 0 0 0 0 0 0 0 0 0 0 0 0 0 0 0 0
e8dafc79ff7c6176991563f17929c910 0 1 0 0 0 0 0 0 0 0 0 0 0 0 0 0 0 0 0 0 0
5256d5b3195fcce96d8ed188cfe2bf5d 0 1 0 0 0 0 0 0 0 0 0 0 0 0 0 0 0 0 0 0 0
5602a614228a799734e662ee702be091 0 1 0 0 0 0 0 0 0 0 0 0 0 0 0 0 0 0 0 0 0
d356abca084dd6660ca1135f01712263 0 1 0 0 0 0 0 0 0 0 0 0 0 0 0 0 0 0 0 0 0
9c7d6c56cb17ef080d3d96ae10849304 0 1 0 0 0 0 0 0 0 0 0 0 0 0 0 0 0 0 0 0 0
e659bf8627cf63329b05cc8bc0570a1d 0 1 0 0 0 0 0 0 0 0 0 0 0 0 0 0 0 0 0 0 0
92421743bd5ef9f725c968bcb0584e96 0 1 0 0 0 0 0 0 0 0 0 0 0 0 0 0 0 0 0 0 0
4e8fbd74c368261dc45ba6423ea3155e 0 1 0 0 0 0 0 0 0 0 0 0 0 0 0 0 0 0 0 0 0
4f88a00811901a946705e077176f6d03 0 1 0 0 0 0 0 0 0 0 0 0 0 0 0 0 0 0 0 0 0
0a4f93716fedef8398e70bdf3c53f174 0 1 0 0 0 0 0 0 0 0 0 0 0 0 0 0 0 0 0 0 0
1de08688158a8a95b05c41a9a05023d4 0 0 0 0 0 0 0 0 1 0 0 0 0 0 0 0 0 0 0 0 0
75547ccfaf0e259da02985410fb945ea 0 0 0 0 0 0 0 0 1 0 0 0 0 0 0 0 0 0 0 0 0
ae1c5e22cc2dc3fc8fef4b0367c17ee0 0 1 0 0 0 0 0 0 0 0 0 0 0 0 0 0 0 0 0 0 0
d2d4927d8721ceb3a247704629a890f9 0 1 0 0 0 0 0 0 0 0 0 0 0 0 0 0 0 0 0 0 0
df52a69d22010907e8949e39d976d8d9 0 1 0 0 0 0 0 0 0 0 0 0 0 0 0 0 0 0 0 0 0
ca3004fee98472061a8ebb37ba3fc48f 0 1 0 0 0 0 0 0 0 0 0 0 0 0 0 0 0 0 0 0 0
bcf7b6c3943f003d45c36988355185e5 0 1 0 0 0 0 0 0 0 0 0 0 0 0 0 0 0 0 0 0 0
d3629cd65e23db7de01d6e7798d1b0ed 0 1 0 0 0 0 0 0 0 0 0 0 0 0 0 0 0 0 0 0 0
d72c85c89e2cd98600b5041d24a795cc 0 1 0 0 0 0 0 0 0 0 0 0 0 0 0 0 0 0 0 0 0
94459b110ce188f128acabb76e63a5eb 0 1 0 0 0 0 0 0 0 0 0 0 0 0 0 0 0 0 0 0 0
21d38df222678c8ce14c2f27dc0f276c 0 1 0 0 0 0 0 0 0 0 0 0 0 0 0 0 0 0 0 0 0
7d905e6e5fc59937653a9c60879da27e 0 1 0 0 0 0 0 0 0 0 0 0 0 0 0 0 0 0 0 0 0
576850be1377e3e520982dcc9e90dc14 0 1 0 0 0 0 0 0 0 0 0 0 0 0 0 0 0 0 0 0 0
f673a66a816bf5bd92ef1974647ee125 0 1 0 0 0 0 0 0 0 0 0 0 0 0 0 0 0 0 0 0 0
c2cf67f523d670ad7eda5ad1216624bc 0 1 0 0 0 0 0 0 0 0 0 0 0 0 0 0 0 0 0 0 0
f953879b30e686ee2fc8c00df40be28e 0 1 0 0 0 0 0 0 0 0 0 0 0 0 0 0 0 0 0 0 0
b148e4d4d3be828ae7324ff716e1542e 0 1 0 0 0 0 0 0 0 0 0 0 0 0 0 0 0 0 0 0 0
20c2e6e1cdb68164efb764df70de30d8 0 1 0 0 0 0 0 0 0 0 0 0 0 0 0 0 0 0 0 0 0
960f12bb178dfb5bea176aae95fc4723 0 1 0 0 0 0 0 0 0 0 0 0 0 0 0 0 0 0 0 0 0
4a7df4734b5fc2944884f2cc514a749f 0 1 0 0 0 0 0 0 0 0 0 0 0 0 0 0 0 0 0 0 0
bbfa0d1d34c457da940f6c4aabaf9985 0 1 0 0 0 0 0 0 0 0 0 0 0 0 0 0 0 0 0 0 0
e949b6d6c2600566fde0e337c84c641e 0 1 0 0 0 0 0 0 0 0 0 0 0 0 0 0 0 0 0 0 0
913dcaebff923883fc65b4fadb80b8b1 0 1 0 0 0 0 0 0 0 0 0 0 0 0 0 0 0 0 0 0 0
b76831857b4d4400b2ce917e75533051 0 1 0 0 0 0 0 0 0 0 0 0 0 0 0 0 0 0 0 0 0
c5a720b692b95388f6caa850c29ca59e 0 1 0 0 0 0 0 0 0 0 0 0 0 0 0 0 0 0 0 0 0
d6cbe852c18ea13d0d485dbb2663fd66 0 1 0 0 0 0 0 0 0 0 0 0 0 0 0 0 0 0 0 0 0
d0bee22d482b7d39d2e19682be3ef603 0 1 0 0 0 0 0 0 0 0 0 0 0 0 0 0 0 0 0 0 0
38f7a3c647a75899d88213d171b26b7e 0 1 0 0 0 0 0 0 0 0 0 0 0 0 0 0 0 0 0 0 0
432295768b5b4fb1d49c885b419516b4 0 1 0 0 0 0 0 0 0 0 0 0 0 0 0 0 0 0 0 0 0
dcbd989f75c5fc8882d2efc95474c02c 0 1 0 0 0 0 0 0 0 0 0 0 0 0 0 0 0 0 0 0 0
717aacdf086a0780131e095a7bfee7b3 0 1 0 0 0 0 0 0 0 0 0 0 0 0 0 0 0 0 0 0 0
7f41435be16562eaf23746294a6387e0 0 0 0 0 0 0 0 0 1 0 0 0 0 0 0 0 0 0 0 0 0
079689c141daca4414676ed1c1b64e38 0 0 0 0 0 0 0 0 1 0 0 0 0 0 0 0 0 0 0 0 0
a8cf3532ae2441aa2275c3c52c9673eb 0 0 0 0 0 0 1 0 0 0 0 0 0 0 0 0 0 0 0 0 0
cbe3bed9a4369e05c2642c8c783d727a 0 0 0 0 0 1 0 0 0 0 0 0 0 0 0 0 0 0 0 0 0
686b05b541dd32e27d497b56201194ac 0 0 0 0 0 0 0 0 0 0 1 0 0 0 0 0 0 0 0 0 0
075dd2375f1f3506ee7b233eb686bb48 0 0 0 0 0 0 0 0 0 0 1 0 0 0 0 0 0 0 0 0 0
603b609e2f8f3c74e609d54f95765daa 0 0 0 0 0 0 0 0 0 0 1 0 0 0 0 0 0 0 0 0 0
77b7b3a769143348a1792524d48fce28 0 0 0 0 0 0 0 0 0 0 0 0 0 0 0 0 0 0 0 0 1
5361c94abb4a785f77ed916c5fa320fc 0 0 0 0 0 0 0 0 1 0 0 0 0 0 0 0 0 0 0 0 0
7195516f050ec58a747547d19edd5dc8 0 0 0 0 0 0 0 0 0 0 1 0 0 0 0 0 0 0 0 0 0
b7fb68069282ca4d58690a291d8adebc 0 0 0 0 0 0 0 0 0 0 1 0 0 0 0 0 0 0 0 0 0
90ed57fabe363ecd756da1f223d88ccd 0 1 0 0 0 0 0 0 0 0 0 0 0 0 0 0 0 0 0 0 0
7601f13349520b9e10156db24ed581e3 0 1 0 0 0 0 0 0 0 0 0 0 0 0 0 0 0 0 0 0 0
e4c885bee52d263ec5204168ebbfe83e 0 1 0 0 0 0 0 0 0 0 0 0 0 0 0 0 0 0 0 0 0
faf5bc395c4fa37cf90c6e5249c174ae 0 1 0 0 0 0 0 0 0 0 0 0 0 0 0 0 0 0 0 0 0
4bb19ac10fd50141c5df519c6b0454b2 0 0 0 0 0 0 0 0 0 0 1 0 0 0 0 0 0 0 0 0 0
6694d8e8c1603d966993b0abdde2b2c9 0 1 0 0 0 0 0 0 0 0 0 0 0 0 0 0 0 0 0 0 0
56bf43a647c5b81dcd1c9ece5257e987 0 0 0 0 0 0 0 0 1 0 0 0 0 0 0 0 0 0 0 0 0
2b494a3f795862963ceb71f2340544f5 0 0 0 0 0 0 0 0 0 0 0 0 1 0 0 0 0 0 0 0 0
66c3862cf7ea8ead0893bbf45b99c94a 0 0 0 0 0 0 0 0 0 0 0 0 1 0 0 0 0 0 0 0 0
4e96983b93099a52c539dc75dc57f5b3 0 0 0 0 0 0 0 0 0 0 0 0 1 0 0 0 0 0 0 0 0
6b4c6dbe335c33f079790a002eff523d 0 0 0 0 0 0 0 0 0 0 0 0 1 0 0 0 0 0 0 0 0
a74bc5abc6b672808ffd5bd08b28b19b 0 0 0 0 0 0 0 0 1 0 0 0 0 0 0 0 0 0 0 0 0
b3207cde48c8a66d5ff4c2e16daa412c 0 0 0 0 0 0 0 0 0 0 0 0 1 0 0 0 0 0 0 0 0
fa168601e5fb99e04d6bcf2ccb273f6c 0 0 0 0 0 0 0 0 0 0 0 0 1 0 0 0 0 0 0 0 0
8389ddfd44f6271e365930577249c5bf 0 0 0 0 0 0 0 0 0 0 0 0 1 0 0 0 0 0 0 0 0
acb420f93801d20be1017cb935ba0b55 0 0 0 0 0 0 0 0 0 0 0 0 1 0 0 0 0 0 0 0 0
0fbd56dd151cf0be6d7acd324414514c 0 0 0 0 0 0 0 0 0 0 0 0 1 0 0 0 0 0 0 0 0
bf436e9309bdaea963833a71daf5aa8c 0 0 0 0 0 0 0 0 0 0 1 0 0 0 0 0 0 0 0 0 0
eaddda5a3eb7ba876c5573b96b178a1d 0 0 0 0 0 0 0 0 0 0 0 0 1 0 0 0 0 0 0 0 0
de6c96900fb2d9b386ee484055619788 0 0 0 0 0 0 0 0 0 0 0 0 1 0 0 0 0 0 0 0 0
6698f3d91fb8899799879b4b89cfa555 0 0 0 0 0 0 0 0 0 0 0 0 1 0 0 0 0 0 0 0 0
8fe77d141e7a5ca1615b05caba7dff37 0 0 0 0 0 0 0 0 0 0 0 0 1 0 0 0 0 0 0 0 0
f1fb64af07244d6e5fa104a7b4812058 0 0 0 0 0 0 0 0 1 0 0 0 0 0 0 0 0 0 0 0 0
a77f1ed56f2c85d0b5c737875d418b62 0 0 0 0 0 0 0 0 0 0 0 0 1 0 0 0 0 0 0 0 0
062bf20438fdd522b91c8964372c27e8 0 0 0 0 0 0 0 0 0 0 0 0 1 0 0 0 0 0 0 0 0
c8e4a6739151628668a7b93e29e52383 0 0 0 0 0 0 0 0 0 0 0 0 0 0 0 0 1 0 0 0 0
7d874b951482fa261a438eea49ff4bc9 0 0 0 0 0 0 0 0 0 0 0 0 0 0 0 0 1 0 0 0 0
66b9b13d56449c45f7abf4821bdc8a49 0 0 0 0 0 0 0 0 0 0 0 0 1 0 0 0 0 0 0 0 0
279a64e79f16b6477dd7e320804004fa 0 0 0 0 0 0 0 0 0 0 0 0 0 1 0 0 0 0 0 0 0
1d5e22f0a539fb1f57370afbcc42935e 0 0 0 0 0 0 0 0 0 0 1 0 0 0 0 0 0 0 0 0 0
54b84228517db17988f176c83b5048c2 0 1 0 0 0 0 0 0 0 0 0 0 0 0 0 0 0 0 0 0 0
87636ec16caa4ac9cecbacda95b784f0 0 0 0 0 0 0 0 0 0 0 0 0 0 1 0 0 0 0 0 0 0
a2735ac5bab31a5ed9a9ed0fe99d44a9 0 1 0 0 0 0 0 0 0 0 0 0 0 0 0 0 0 0 0 0 0
d9c1ebdd1bd3930a02ab7b9cd8e0ff50 0 0 0 0 0 0 0 0 0 0 0 0 0 1 0 0 0 0 0 0 0
acdd8e1fb5633277964b87581ae923e4 0 0 0 0 0 0 0 0 0 0 0 0 1 0 0 0 0 0 0 0 0
e22c9b0d5df93aa0927e3cbf10808108 0 0 0 0 0 0 0 0 0 0 0 0 0 0 0 0 1 0 0 0 0
7f654bdd257a5dd8950d29b956e393f5 0 0 0 0 0 0 0 0 0 0 0 0 1 0 0 0 0 0 0 0 0
c7d609bcd7da5271a07d6ed1f304a584 0 1 0 0 0 0 0 0 0 0 0 0 0 0 0 0 0 0 0 0 0
0ce720ec17b62ba50acac8ec15988e08 0 1 0 0 0 0 0 0 0 0 0 0 0 0 0 0 0 0 0 0 0
fa710b64382776599ae3bec5df0df1a0 0 1 0 0 0 0 0 0 0 0 0 0 0 0 0 0 0 0 0 0 0
ff7af73fb5976e01484a5375d1b28293 0 0 0 0 0 0 0 0 0 0 0 0 0 0 0 0 1 0 0 0 0
5bd86745f343d5484260bf4ac0c044bb 0 0 0 0 0 0 0 0 0 0 0 0 0 0 0 0 0 0 1 0 0
f49af386d9b1a713104899cb3e1f9733 0 0 0 0 0 1 0 0 0 0 0 0 0 0 0 0 0 0 0 0 0
ea99f876533643c5da0284ab05e5e594 0 0 0 0 0 0 0 0 0 0 1 0 0 0 0 0 0 0 0 0 0
dcdc4471759ee709836b14023f2b56d9 0 0 0 0 0 0 0 0 0 0 0 0 0 0 0 0 0 0 1 0 0
df1106eecd1b1f311b07239c7d214a8a 0 1 0 0 0 0 0 0 0 0 0 0 0 0 0 0 0 0 0 0 0
