000_md5sum 4.4.120-94.17-default 4.4.131-94.29-default 4.4.138-94.39-default 4.4.140-96.71.TDC-default 4.4.143-94.47-default 4.4.155-94.50-default 4.4.156-94.64-default 4.4.162-94.72-default 4.4.176-94.88-default 4.4.178-94.91-default 4.4.180-94.100-default 4.4.180-94.103-default 4.4.180-94.113-default 4.4.180-94.121-default 4.4.180-94.124-default 4.4.180-94.130-default 4.4.180-94.135-default 4.4.180-94.138-default 4.4.180-94.141-default 4.4.180-94.144-default 4.4.180-94.97-default 4.4.73-5-default
4ec8251b71e51f5d773419783f36734c 0 0 0 0 0 0 0 0 0 0 0 1 0 0 0 0 0 0 0 0 0 0
51f8b2328724a2c91eead923b8f7fc37 0 0 0 0 0 0 0 0 0 0 0 1 0 0 0 0 0 0 0 0 0 0
1164aa245947b80f41303792e132570c 0 0 0 0 0 0 0 0 0 0 0 1 0 0 0 0 0 0 0 0 0 0
e3c8c54cc55281b1c5bbcd6fdd43dfb5 0 0 0 0 0 0 0 0 0 1 0 0 0 0 0 0 0 0 0 0 0 0
6ad17723ad36a5e135f05d834f0aff85 0 0 0 0 0 0 0 0 0 1 0 0 0 0 0 0 0 0 0 0 0 0
0a4c42f18620a7045a8f12f9e18f9192 0 0 0 0 0 0 0 1 0 0 0 0 0 0 0 0 0 0 0 0 0 0
7f6ad254a208dcf2b4032279f3b1bb27 0 0 0 0 0 0 0 1 0 0 0 0 0 0 0 0 0 0 0 0 0 0
d646acc91dd92c0861d29a8c6953f713 0 0 0 0 0 0 0 1 0 0 0 0 0 0 0 0 0 0 0 0 0 0
9f8c31203a2e29bd95ee446bc0361611 0 0 0 0 0 0 0 0 0 0 1 0 0 0 0 0 0 0 0 0 0 0
0433c9004379feaecaf63b8949e96643 0 0 0 0 1 0 0 0 0 0 0 0 0 0 0 0 0 0 0 0 0 0
ad6a4ea59d2e1907f449421c3ab53a4b 0 0 0 0 0 0 0 0 0 0 0 0 0 0 0 0 1 0 0 0 0 0
0934fae09f6bf2faf88301c64f7ac4f6 0 0 0 0 0 0 0 0 0 0 0 0 0 0 0 1 0 0 0 0 0 0
0963f1ab43bd5daff934c6945f840ea0 0 0 0 0 0 0 0 0 0 0 0 0 0 0 1 0 0 0 0 0 0 0
1fe904882b1ed7563daaa81434b4a4b4 0 0 0 0 0 0 0 0 0 0 0 0 0 0 0 0 0 0 1 0 0 0
7f8edcf0b19ac38858c4be283a1bf680 0 0 0 0 0 0 0 0 0 0 0 0 0 0 0 0 0 0 1 0 0 0
7d06200a2ceaa27ec6993cbf5ded46f5 0 0 0 0 0 0 0 0 0 0 0 0 0 0 0 0 0 0 0 1 0 0
8420dbc9667bc1c1e63db6be402eb3de 0 0 0 0 0 0 0 0 0 0 0 0 0 0 0 0 0 0 0 1 0 0
51da1a20431dc51db4718b284678184b 0 0 0 0 0 0 0 0 0 0 0 0 0 0 0 0 0 0 0 1 0 0
3abd8cf2f6fd43893ec1a2c20cf78b80 0 0 0 0 0 0 0 0 0 0 0 0 0 1 0 0 0 0 0 0 0 0
48156db82474e0ed1f091a0a16ba4c98 0 0 0 0 0 0 0 0 0 0 0 0 0 0 0 0 0 0 1 0 0 0
592ef2b8568c12318c98558d890feded 0 0 0 0 0 0 0 0 0 0 0 0 0 0 0 0 0 0 1 0 0 0
a5c682b66ba6f831897f2e87416993d6 0 0 0 0 0 0 0 0 0 0 0 0 0 0 0 1 0 0 0 0 0 0
83c9bea49dc5774c66e82285e5488aac 0 0 0 0 0 0 0 0 0 0 0 0 0 0 0 0 0 0 0 0 1 0
73ec6bb4c91c2461f7145cb87d21eabb 0 0 0 0 0 0 0 0 0 0 1 0 0 0 0 0 0 0 0 0 0 0
13e4542f548195714ab750fb4f48f35e 0 0 0 0 0 0 0 1 0 0 0 0 0 0 0 0 0 0 0 0 0 0
069caef463ce15bfdd66792b25fada92 0 0 0 0 0 0 0 1 0 0 0 0 0 0 0 0 0 0 0 0 0 0
dd7020c7dea77c3ad4e2ac3bf3d586e2 0 0 0 0 0 1 0 0 0 0 0 0 0 0 0 0 0 0 0 0 0 0
e34f03dffff3e7dc294c6a3422f2293f 0 0 0 0 0 1 0 0 0 0 0 0 0 0 0 0 0 0 0 0 0 0
80dbcf5bca7edd179d96c693c98b0c53 0 0 0 0 0 0 0 0 0 0 0 0 0 0 0 0 0 0 0 0 1 0
cf1a3139fbb635a8cc273dd73949f01f 0 0 0 0 0 0 0 0 0 0 0 0 0 0 0 0 0 0 0 0 1 0
a33191e6f765502962a714b6f0d82d42 0 0 0 0 0 0 0 0 0 0 0 0 0 0 0 0 0 0 0 0 1 0
ffa497506c89db8e25ef1dd671a82458 0 0 0 0 0 0 0 0 0 0 0 0 0 0 0 0 0 0 0 0 1 0
f0fc2246c646ea444fa8c52702939dcf 1 0 0 0 0 0 0 0 0 0 0 0 0 0 0 0 0 0 0 0 0 0
f629e780ee31d0434edcea7f121298c6 0 0 0 0 0 0 0 0 0 0 0 0 0 0 0 0 1 0 0 0 0 0
edda57d686c5a7190f645fd43dfa1a9c 0 0 0 0 0 0 0 0 0 0 0 0 0 0 0 0 1 0 0 0 0 0
68800c7d5035564ecd8926f70ca09649 0 0 0 0 0 0 0 0 0 0 1 0 0 0 0 0 0 0 0 0 0 0
e2b01eddc9773abf0c5cce5a68314fcb 0 0 0 0 0 0 1 0 0 0 0 0 0 0 0 0 0 0 0 0 0 0
ecac228698a99f6b0b821ba4e4cd08f4 0 0 0 0 0 0 0 0 0 0 0 0 0 0 0 0 0 0 1 0 0 0
e3bf92105d329ebd8911870afec392b8 0 0 0 0 0 0 0 1 0 0 0 0 0 0 0 0 0 0 0 0 0 0
12127cf05e9b85ba61bb4dd1109d0d4c 0 0 0 0 0 0 0 0 1 0 0 0 0 0 0 0 0 0 0 0 0 0
c32af864fd15103c9b7b872ee8eb49b0 0 0 0 0 1 0 0 0 0 0 0 0 0 0 0 0 0 0 0 0 0 0
2d776d23aa913b94233bb8966e7c8746 0 0 0 0 0 0 0 0 0 0 0 0 1 0 0 0 0 0 0 0 0 0
39fc0ebe0e99f2c9b807da0694ac8e3b 0 0 0 0 0 0 0 0 0 0 0 0 0 0 0 0 0 0 1 0 0 0
e12bd2952eaa0747d6aac2cb77d1a10a 0 0 0 0 0 1 0 0 0 0 0 0 0 0 0 0 0 0 0 0 0 0
6a0c380c0f877103bfb0086e5254a169 0 0 0 0 0 0 0 1 0 0 0 0 0 0 0 0 0 0 0 0 0 0
838794a5e0d9c4ebc5028150f0b1bd95 0 0 0 0 0 0 0 1 0 0 0 0 0 0 0 0 0 0 0 0 0 0
683b290718f4c71661ae7181ce3d4d84 0 0 1 0 0 0 0 0 0 0 0 0 0 0 0 0 0 0 0 0 0 0
d25d6fd979cb04b2630196acd6b8b19f 0 0 0 0 0 0 0 0 0 0 0 0 0 0 0 0 0 0 0 1 0 0
937d72f2c47541fca5ec39290a4c12af 0 1 0 0 0 0 0 0 0 0 0 0 0 0 0 0 0 0 0 0 0 0
733946b0b0ec376b41dbbd73d0734e0b 0 0 0 0 0 0 0 0 0 0 0 0 0 0 0 0 0 1 0 0 0 0
f7e8228e229865de55491b0ae420b266 0 0 0 0 0 0 0 0 0 0 0 0 0 0 0 0 0 0 0 0 0 1
3081859f56b611169d69ea0921b42beb 0 0 0 0 0 0 0 0 0 0 0 0 0 0 0 0 0 0 0 0 0 1
363e53ebaf8fe7e01e3b89a3d2112ad7 0 0 0 0 0 0 0 1 0 0 0 0 0 0 0 0 0 0 0 0 0 0
0b9f49adb7a29ddf2e4c06102aa96a61 0 0 0 0 0 0 0 1 0 0 0 0 0 0 0 0 0 0 0 0 0 0
ac6371be9f00a29b3b4da3ad750b4720 0 0 0 0 0 0 0 1 0 0 0 0 0 0 0 0 0 0 0 0 0 0
d96eca5bedbc3d7fe1a708a31b35974f 0 0 0 0 0 0 0 1 0 0 0 0 0 0 0 0 0 0 0 0 0 0
eca83aca7e3d8202c4add6c7ade873f7 0 0 0 0 0 0 0 1 0 0 0 0 0 0 0 0 0 0 0 0 0 0
889140d0b802008e1ad26ef734e84b07 0 0 0 0 0 0 0 1 0 0 0 0 0 0 0 0 0 0 0 0 0 0
0bde700c414e70f5845e11d369b76387 0 0 0 0 0 0 0 1 0 0 0 0 0 0 0 0 0 0 0 0 0 0
c749a0a935e817ffdbd091c6a2431401 0 0 0 0 0 0 0 1 0 0 0 0 0 0 0 0 0 0 0 0 0 0
d1faf6c6a6839216348ef2ec4d509f22 0 0 0 0 0 0 0 0 0 0 0 0 0 0 0 1 0 0 0 0 0 0
5e5f18a86bcd0a4248991e2c2bcee5a7 0 0 0 1 0 0 0 0 0 0 0 0 0 0 0 0 0 0 0 0 0 0
7e682d7d9bc5ebe71a49f0595d8dd0ed 0 0 0 0 0 0 0 0 0 0 1 0 0 0 0 0 0 0 0 0 0 0
