000_md5sum 8021q af_packet af_packet_diag auth_rpcgss autofs4 binfmt_misc bnx2x bonding btrfs cdrom cifs configfs cpufreq_conservative crc16 crc32c_vpmsum crct10dif_vpmsum dax_pmem dax_pmem_core device_dax dlm dm_log dm_mirror dm_mod dm_multipath dm_queue_length dm_region_hash dm_round_robin dm_service_time dns_resolver drbd drbd_transport_tcp ebtable_broute ebtable_filter ebtable_nat ebtables ext4 fat fscache fuse garp gf128mul ghash_generic grace ib_core ib_uverbs ibmveth ibmvfc ibmvnic ibmvscsi inet_diag ip6_tables ip6t_REJECT ip6t_rpfilter ip6table_filter ip6table_mangle ip6table_nat ip6table_raw ip6table_security ip_set ip_tables ipt_REJECT iptable_filter iptable_mangle iptable_nat iptable_raw iptable_security isofs jbd2 joydev libarc4 libcrc32c libnvdimm llc lockd loop lp mbcache md_mod mdio mlx5_core mlx5_ib mlxfw mrp nd_btt nd_pmem netlink_diag nf_conntrack nf_conntrack_broadcast nf_conntrack_netbios_ns nf_conntrack_tftp nf_defrag_ipv4 nf_defrag_ipv6 nf_nat nf_nat_tftp nfnetlink nfs nfs_acl nfsd nfsv3 nfsv4 nls_utf8 nvme nvme_core nvram ocfs2 ocfs2_nodemanager ocfs2_stack_user ocfs2_stackglue papr_scm parport parport_pc quota_tree quota_v2 raid1 raid10 raid6_pq raw_diag rfkill rpadlpar_io rpaphp rpcsec_gss_krb5 rtc_generic scsi_dh_alua scsi_dh_emc scsi_dh_rdac scsi_mod scsi_transport_fc scsi_transport_srp sctp sctp_diag sd_mod sg softdog sr_mod st stp sunrpc tcp_diag tls uas udp_diag uio uio_pdrv_genirq unix_diag usb_storage usbcore vfat vmx_crypto x_tables xfrm_user xfs xhci_hcd xhci_pci xor xsk_diag xt_CT xt_conntrack xt_tcpudp
9c9207617dfdff56af5afe1d70032ac5 0 1 1 1 0 1 0 0 1 0 0 1 0 0 1 1 0 0 0 1 1 1 1 1 0 1 0 1 0 0 0 0 0 0 0 0 0 0 1 0 1 0 1 0 0 0 1 1 0 1 0 0 0 0 0 0 0 0 0 0 0 0 0 0 0 0 0 1 0 0 1 0 0 1 0 0 0 0 0 0 0 0 0 0 0 1 0 0 0 0 0 0 0 0 0 0 1 1 0 0 0 0 0 0 1 1 1 1 0 0 0 1 0 0 0 1 1 1 1 1 0 1 1 1 1 1 1 0 0 0 1 1 1 0 0 0 1 1 0 0 1 1 1 1 0 0 0 1 0 0 0 0 0 1 1 0 0 0
56583e384da809a715d657fd7858d4fc 0 1 1 1 0 1 0 0 1 0 0 1 0 0 1 1 0 0 0 1 1 1 1 1 0 1 0 1 0 0 0 0 0 0 0 0 0 0 0 0 1 0 1 0 0 0 1 1 0 1 0 0 0 0 0 0 0 0 0 0 0 0 0 0 0 0 0 1 0 0 1 0 0 1 0 0 0 0 0 0 0 0 0 0 0 1 0 0 0 0 0 0 0 0 0 0 1 1 0 0 0 0 0 0 1 1 1 1 0 0 0 1 0 0 0 1 1 1 1 1 0 1 1 1 1 1 1 0 0 0 1 1 1 0 0 0 1 1 0 0 1 1 1 1 0 0 0 1 0 0 0 0 0 1 1 0 0 0
27a936806635a50143f174c18d391076 1 1 1 1 0 1 0 0 1 0 0 0 0 0 1 1 0 0 0 0 1 1 1 1 0 1 0 1 1 0 0 0 0 0 0 0 0 1 0 1 1 0 1 0 0 0 1 1 0 1 0 0 0 0 0 0 0 0 0 0 0 0 0 0 0 0 0 0 0 0 1 0 1 1 0 0 0 0 0 0 0 0 1 0 0 1 0 0 0 0 0 0 0 0 0 1 1 0 1 1 0 0 0 0 0 0 0 0 0 0 0 0 0 0 0 1 1 1 1 1 1 1 1 1 1 1 1 0 0 0 1 1 0 0 0 1 1 1 0 0 1 1 1 1 0 0 0 1 0 0 1 0 0 1 1 0 0 0
fb7ab379974c6a692103d367033d59b7 0 1 0 0 0 0 0 0 1 1 0 0 0 0 1 1 0 0 0 0 1 1 1 1 0 1 0 1 0 0 0 0 0 0 0 0 0 0 0 0 1 0 0 0 0 1 1 0 1 0 0 0 0 0 0 0 0 0 0 0 0 0 0 0 0 0 0 0 0 0 1 0 0 0 0 0 0 0 0 0 0 0 0 0 0 0 0 0 0 0 0 0 0 0 0 0 0 0 0 0 0 0 0 0 0 0 0 0 0 0 0 0 0 0 0 1 0 1 0 0 0 1 1 1 1 1 1 1 0 0 1 1 0 1 0 0 0 0 0 0 0 0 0 0 0 0 0 1 0 0 1 0 0 1 0 0 0 0
ccd48d232c84dd7e59025adecc690c8a 0 1 1 1 0 1 0 0 1 1 0 0 0 0 1 1 0 0 0 0 1 1 1 1 0 1 0 1 1 0 0 0 0 0 0 0 0 1 1 0 1 0 1 0 0 1 1 0 1 1 0 0 0 0 0 0 0 0 1 0 0 0 0 0 0 0 0 0 0 0 1 0 0 1 0 0 0 0 0 0 0 0 0 0 0 1 0 0 0 0 0 0 0 0 1 1 1 0 1 1 0 0 0 0 0 0 0 0 0 0 0 0 0 0 0 1 1 1 1 1 1 1 1 1 1 1 1 1 0 0 1 1 1 1 0 0 1 1 0 0 1 1 1 1 0 0 0 1 1 0 1 0 0 1 1 0 0 0
0172b844473a0561d8f2096b2c6b4d53 0 1 1 1 0 1 0 0 1 1 0 0 1 0 1 1 0 0 0 0 1 1 1 1 0 1 0 1 1 0 0 0 0 0 0 0 0 1 0 0 1 0 1 0 0 1 1 0 1 1 0 0 0 0 0 0 0 0 0 0 0 0 0 0 0 0 0 0 0 0 1 0 0 1 0 0 0 0 0 0 0 0 0 0 0 1 0 0 0 0 0 0 0 0 0 1 1 0 1 1 0 0 0 0 0 0 0 0 0 0 0 0 0 0 0 1 1 1 1 1 1 1 1 1 1 1 1 1 0 0 1 1 1 1 0 0 1 1 0 0 1 1 1 1 0 0 0 1 0 0 0 0 0 1 1 0 0 0
1286852142ad6ff4e6b1059e3a09bf6f 0 0 0 0 0 0 0 0 0 1 0 0 0 1 1 1 0 0 0 0 1 1 1 1 0 1 0 1 0 0 0 0 0 0 0 1 0 0 0 0 1 0 0 0 0 1 1 0 1 0 0 0 0 0 0 0 0 0 0 0 0 0 0 0 0 0 0 1 0 0 1 0 0 0 0 0 1 1 0 0 0 0 0 0 0 0 0 0 0 0 0 0 0 0 0 0 0 0 0 0 0 0 0 0 0 0 0 0 0 0 0 0 0 1 0 0 0 0 0 0 0 1 1 1 1 1 1 1 0 0 1 1 0 1 1 0 0 0 0 0 0 0 0 0 0 0 0 1 0 0 1 0 0 0 0 0 0 0
3851c772069037663d98d896c261a82c 0 1 1 0 1 1 0 0 0 1 0 0 0 1 1 0 0 0 0 0 1 1 1 1 0 1 0 1 0 0 0 0 0 0 0 1 1 0 0 0 1 1 0 0 0 1 1 0 1 1 0 0 0 0 0 0 0 0 0 0 0 0 0 0 0 0 0 1 0 0 1 0 0 0 0 0 1 1 0 0 0 0 0 0 0 1 0 0 0 0 0 0 0 0 0 0 0 0 0 0 0 0 0 0 0 0 0 0 0 0 0 0 0 1 0 0 1 0 1 1 0 1 1 1 1 1 1 1 1 1 1 1 0 1 1 0 0 1 0 0 1 0 0 1 0 0 1 1 0 0 1 0 0 0 0 0 0 0
64fccb4d2a0e04bc32b4025fc467b892 0 1 1 0 0 1 0 0 1 1 0 0 0 0 1 1 0 0 0 0 1 1 1 1 0 1 0 1 0 0 0 0 0 0 0 0 0 1 0 0 1 0 1 0 0 1 1 0 1 1 0 0 0 0 0 0 0 0 0 0 0 0 0 0 0 0 0 0 1 0 1 0 0 1 0 1 0 0 0 0 0 0 0 0 0 1 0 0 0 0 0 0 0 0 0 1 1 0 1 0 0 0 0 1 0 0 0 0 0 1 1 0 0 0 0 1 1 1 0 0 0 1 1 1 1 1 1 1 0 0 1 1 0 1 1 0 1 1 0 0 1 1 1 1 0 0 0 1 0 1 1 0 0 1 1 0 0 0
711788a4b0556d948f99ca8c1422eec9 0 1 1 1 0 1 0 0 1 0 0 0 0 0 1 1 0 0 0 0 1 1 1 1 0 1 0 1 1 1 0 1 1 1 1 0 0 1 0 0 1 0 1 0 0 1 1 0 0 1 1 1 1 1 1 1 1 1 1 1 1 1 1 1 1 1 0 0 0 0 1 0 0 1 0 0 0 0 0 0 0 0 0 0 0 1 1 1 1 0 1 1 1 0 1 1 1 1 1 1 0 0 0 0 0 0 0 0 0 0 0 0 0 0 0 1 1 1 1 1 1 1 1 1 1 1 1 0 0 0 1 1 1 0 0 0 1 1 0 0 1 1 1 1 0 0 0 1 1 0 1 0 0 1 1 1 1 1
f192050c396733298cb1a7783750eafb 0 1 1 0 0 0 0 0 0 0 0 0 0 0 1 1 0 0 0 0 1 1 1 1 0 1 0 1 0 0 0 0 0 0 0 0 0 0 0 0 1 0 0 0 0 1 1 0 0 1 0 0 0 0 0 0 0 0 0 0 0 0 0 0 0 0 0 0 0 0 1 0 0 0 0 0 0 0 0 0 0 0 0 0 0 1 0 0 0 0 0 0 0 0 0 0 0 0 0 0 0 0 0 0 0 0 0 0 0 0 0 0 0 0 0 0 1 1 1 1 0 1 1 1 1 1 1 0 0 0 1 1 0 0 0 0 0 1 0 0 1 1 1 1 0 0 0 1 0 0 1 0 0 0 1 0 0 0
f71d14f3c2877b80af4269e314626243 0 1 0 0 0 0 0 0 0 0 0 0 0 0 1 1 0 0 0 0 1 1 1 1 0 1 0 1 0 0 0 0 0 0 0 0 0 0 0 0 1 0 0 0 0 1 1 0 0 0 0 0 0 0 0 0 0 0 0 0 0 0 0 0 0 0 0 0 0 0 1 0 0 0 0 0 0 0 0 0 0 0 0 0 0 0 0 0 0 0 0 0 0 0 0 0 0 0 0 0 0 0 0 0 0 0 0 0 0 0 0 0 0 0 0 0 0 1 0 0 0 1 1 1 1 1 1 0 0 0 1 1 0 0 0 0 0 0 0 0 0 1 1 0 0 0 0 1 0 0 1 0 0 0 0 0 0 0
cad0f80bc613c2ff0807d206de2aea27 0 1 1 0 0 1 0 0 1 1 0 0 0 0 1 1 0 0 0 0 1 1 1 1 0 1 0 1 0 0 0 0 0 0 0 0 0 0 0 0 1 0 0 0 0 1 1 0 1 1 0 0 0 0 0 0 0 0 0 0 0 0 0 0 0 0 0 0 0 0 1 0 0 0 0 0 0 0 0 0 0 0 0 0 0 1 0 0 0 0 0 0 0 0 0 0 0 0 0 0 0 0 0 0 0 0 0 0 0 0 0 0 0 0 0 1 1 1 1 1 0 1 1 1 1 1 1 1 0 0 1 1 0 1 0 0 0 1 0 0 1 1 1 1 0 0 0 1 0 0 1 0 0 1 1 0 0 0
9bf4d4eebe3c69d8f981b7c81784ffe9 0 1 1 0 0 0 0 0 1 1 0 0 0 0 1 1 0 0 0 0 1 1 1 1 0 1 0 1 0 0 0 0 0 0 0 0 0 0 1 0 1 0 0 0 0 1 1 0 1 1 0 0 0 0 0 0 0 0 0 0 0 0 0 0 0 0 0 0 0 0 1 0 0 0 0 0 0 0 0 0 0 0 0 0 0 1 0 0 0 0 0 0 0 0 0 0 0 0 0 0 0 0 0 0 0 0 0 0 0 0 0 0 0 0 0 1 1 1 1 1 0 1 1 1 1 1 1 1 0 0 1 1 0 1 0 0 0 1 0 0 1 1 1 1 0 0 0 1 0 0 1 0 0 1 1 0 0 0
52077acd9af6b859eb55367e15444ae6 0 0 0 1 0 0 0 0 0 0 0 0 0 1 1 1 0 0 0 0 1 1 1 1 0 1 0 1 0 0 0 0 0 0 0 1 0 0 0 0 1 0 1 0 0 0 1 1 0 0 0 0 0 0 0 0 0 0 0 0 0 0 0 0 0 0 0 1 0 0 1 0 0 1 0 0 1 0 0 0 0 0 0 0 0 0 0 0 0 0 0 0 0 0 0 0 1 1 0 0 0 0 0 0 0 0 0 0 0 0 0 0 0 0 0 0 0 0 0 0 0 1 1 1 1 1 1 0 0 0 1 1 0 0 0 0 1 0 0 0 0 0 0 0 0 0 0 1 0 0 1 0 0 0 0 0 0 0
bb25defb0e99f5efc3105628dc4d5a1e 0 1 1 0 0 1 0 0 1 1 0 0 0 0 1 1 0 0 0 0 1 1 1 1 0 1 0 1 0 0 0 0 0 0 0 0 0 1 0 0 1 0 1 0 0 1 1 0 1 1 0 0 0 0 0 0 0 0 0 0 0 0 0 0 0 0 0 0 1 0 1 0 0 1 0 1 0 0 0 0 0 0 0 0 0 1 0 0 0 0 0 0 0 0 0 1 1 0 1 0 0 0 0 1 0 0 0 0 0 1 1 0 0 0 0 1 1 1 0 0 0 1 1 1 1 1 1 1 0 0 1 1 0 1 1 0 1 1 0 0 1 1 1 1 0 0 0 1 0 1 1 0 0 1 1 0 0 0
6d03cadf6cb771c023fede01627df782 0 1 1 0 0 1 0 0 0 1 0 0 1 1 1 1 1 1 0 0 1 1 1 1 0 1 0 1 0 0 0 0 0 0 0 1 0 0 0 0 1 0 0 0 0 1 0 0 1 1 0 0 0 0 0 0 0 0 0 0 0 0 0 0 0 0 0 1 0 0 1 1 0 0 0 0 1 0 0 0 0 0 0 1 1 1 0 0 0 0 0 0 0 0 0 0 0 0 0 0 0 0 0 1 0 0 0 0 1 0 0 0 0 0 0 0 1 1 1 1 0 1 1 1 1 1 0 1 0 0 1 1 0 1 0 0 0 1 0 0 1 1 1 1 0 0 0 1 0 0 1 0 0 0 1 0 0 0
8e028f9398a94c0a24918a36ee548e0c 0 1 1 1 0 1 0 0 1 1 0 0 0 0 1 1 0 0 0 0 1 1 1 1 0 1 0 1 1 0 0 0 0 0 0 0 0 1 0 0 1 0 1 0 0 1 1 0 1 1 0 0 0 0 0 0 0 0 0 0 0 0 0 0 0 0 0 0 1 0 1 0 0 1 0 0 0 0 0 0 0 0 0 0 0 1 0 0 0 0 0 0 0 0 0 1 0 0 0 1 0 0 0 1 0 0 0 0 0 0 0 0 0 0 0 1 1 1 1 1 1 1 1 1 1 1 1 1 0 0 1 1 1 1 0 0 1 1 0 0 1 1 1 1 0 0 0 1 0 0 1 0 0 1 1 0 0 0
7cc6bca18d34db1bda03e0c0e633f9c3 0 1 1 1 0 1 0 0 1 0 0 1 0 1 1 1 0 0 0 1 1 1 1 1 0 1 0 1 0 1 1 0 0 0 0 1 0 1 0 0 1 0 1 0 0 1 1 0 0 1 0 0 0 0 0 0 0 0 0 0 0 0 0 0 0 0 0 1 0 0 1 0 0 1 0 0 1 0 0 0 0 0 0 0 0 1 0 0 0 0 0 0 0 0 0 1 1 1 1 0 0 0 0 0 1 1 1 1 0 0 0 1 0 0 0 1 1 1 1 1 0 1 1 1 1 1 1 0 0 0 1 1 1 0 0 0 1 1 0 0 1 0 0 1 0 0 0 1 0 0 1 0 0 1 1 0 0 0
8ebdb10a5aef9e8ea93d502a7dcf440a 0 1 1 1 0 1 0 0 1 1 0 1 0 1 1 1 0 0 0 1 1 1 1 1 0 1 0 1 0 1 1 0 0 0 0 1 0 1 1 0 1 0 1 0 0 1 1 0 0 1 0 0 0 0 0 0 0 0 0 0 0 0 0 0 0 0 0 1 1 0 1 0 0 1 0 1 1 0 0 0 0 0 0 0 0 1 0 0 0 0 0 0 0 0 0 1 1 1 1 0 0 0 0 1 1 1 1 1 0 1 1 1 0 0 0 1 1 1 1 1 0 1 1 1 1 1 1 0 0 0 1 1 1 1 1 0 1 1 0 0 1 0 0 1 0 0 0 1 0 1 1 0 0 1 1 0 0 0
5f8a964ec752900c2c5bdf4561a05849 0 1 1 1 0 1 0 0 1 1 0 1 0 0 1 1 0 0 0 1 1 1 1 1 0 1 0 1 1 0 0 0 0 0 0 0 0 1 0 0 1 0 1 0 0 1 1 0 1 1 0 0 0 0 0 0 0 0 0 0 0 0 0 0 0 0 0 1 0 0 1 0 0 1 0 0 0 0 0 0 0 0 0 0 0 1 0 0 0 0 0 0 0 0 0 1 1 1 0 1 0 0 0 0 1 1 1 1 0 0 0 1 0 0 0 1 1 1 1 1 1 1 1 1 1 1 1 1 0 0 1 1 1 1 0 0 1 1 0 0 1 1 1 1 0 0 0 1 0 0 1 0 0 1 1 0 0 0
00ad6a3fedc432f1dc55dd53422ff23b 0 1 1 1 0 1 0 0 1 1 0 1 0 0 1 1 0 0 0 1 1 1 1 1 0 1 0 1 1 0 0 0 0 0 0 0 0 1 0 0 1 0 1 0 0 1 1 0 1 1 0 0 0 0 0 0 0 0 0 0 0 0 0 0 0 0 0 1 1 0 1 0 0 1 0 0 0 0 0 0 0 0 0 0 0 1 0 0 0 0 0 0 0 0 0 1 1 1 0 1 0 0 0 0 1 1 1 1 0 0 0 1 0 0 0 1 1 1 1 1 1 1 1 1 1 1 1 1 0 0 1 1 1 1 1 0 1 1 0 0 1 1 1 1 0 0 0 1 0 0 1 0 0 1 1 0 0 0
e7844a133ab36dee0bd78f62a760c67b 0 1 1 1 0 1 0 0 1 0 1 0 0 1 1 1 0 0 0 0 1 1 1 1 0 1 0 1 1 0 0 0 0 0 0 1 0 1 0 0 1 0 1 0 0 1 1 0 1 1 0 0 0 0 0 0 0 0 0 0 0 0 0 0 0 0 0 1 0 1 1 0 0 1 0 0 1 0 0 0 0 0 0 0 0 1 0 0 0 0 0 0 0 0 0 1 1 0 1 1 1 0 0 1 0 0 0 0 0 0 0 0 0 0 0 1 1 1 1 1 1 1 1 1 1 1 1 1 0 0 1 1 0 0 0 0 1 1 0 0 1 1 1 1 0 0 0 1 0 0 1 0 0 1 1 0 0 0
d51ec29d235e8f56566e72c8296bf58e 0 1 0 0 0 0 0 0 1 1 0 0 0 1 1 1 0 0 0 0 1 1 1 1 0 1 0 1 0 0 0 0 1 0 1 1 0 0 0 0 1 0 0 0 0 1 1 0 1 0 1 0 0 1 0 0 0 0 0 1 0 1 0 0 0 0 0 1 0 0 1 0 0 0 0 0 1 0 0 0 0 0 0 0 0 0 0 0 0 0 0 0 0 0 0 0 0 0 0 0 0 0 0 0 0 0 0 0 0 0 0 0 0 0 0 1 0 1 0 0 0 1 1 1 1 1 1 1 0 0 1 1 0 1 0 0 0 0 0 0 0 1 1 0 0 0 0 1 1 0 1 0 0 1 0 0 0 0
a0eee09514dc529e784fb8ccf04a16e7 0 1 1 0 0 1 0 0 1 1 0 0 0 1 1 1 0 0 0 0 1 1 1 1 0 1 0 1 0 0 0 0 1 0 1 1 0 0 0 0 1 0 0 0 0 1 1 0 1 1 1 0 0 1 0 0 0 0 0 1 0 1 0 0 0 0 0 1 1 0 1 0 0 0 0 1 1 0 0 0 0 0 0 0 0 1 0 0 0 0 0 0 0 0 0 0 0 0 0 0 0 0 0 1 0 0 0 0 0 1 1 0 0 0 0 1 1 1 0 0 0 1 1 1 1 1 1 1 0 0 1 1 0 1 1 0 0 1 0 0 1 1 1 1 0 0 0 1 1 1 1 0 0 1 1 0 0 0
7ff51edfe9b1e376bb2c05c0667ea08a 0 1 0 0 0 0 0 0 1 1 0 0 0 1 1 1 0 0 0 0 1 1 1 1 0 1 0 1 0 0 0 0 1 0 1 1 0 0 0 0 1 0 0 0 0 1 1 0 1 0 1 0 0 1 0 0 0 0 0 1 0 1 0 0 0 0 0 1 0 0 1 0 0 0 0 0 1 0 0 0 0 0 0 0 0 0 0 0 0 0 0 0 0 0 0 0 0 0 0 0 0 0 0 0 0 0 0 0 0 0 0 0 0 0 0 1 0 1 0 0 0 1 1 1 1 1 1 1 0 0 1 1 0 1 0 0 0 0 0 0 0 1 1 0 0 0 0 1 1 0 1 0 0 1 0 0 0 0
32c88553d94900ccce2ddc94bd80051a 1 1 1 1 0 1 0 1 0 0 0 0 0 1 1 1 0 0 0 0 1 1 1 1 0 1 0 1 1 0 0 0 0 0 0 1 0 1 0 1 1 0 1 1 1 1 1 0 0 1 0 0 0 0 0 0 0 0 0 0 0 0 0 0 0 0 0 1 0 0 1 0 1 1 0 0 1 0 0 1 1 1 1 0 0 1 0 0 0 0 0 0 0 0 0 1 1 1 1 1 0 0 0 1 0 0 0 0 0 0 0 0 0 0 0 0 1 1 1 1 1 1 1 1 1 1 1 0 0 0 1 1 1 0 0 1 1 1 1 0 1 1 1 1 0 0 0 1 0 0 1 0 0 0 1 0 0 0
9c9e535d705387e22558f0ddedc9c72d 0 1 1 1 1 1 0 0 0 1 0 0 0 1 1 1 0 0 0 0 1 1 1 1 0 1 1 0 1 0 0 0 0 0 0 1 0 1 0 0 1 0 1 0 0 1 1 0 1 1 0 0 0 0 0 0 0 0 0 0 0 0 0 0 0 0 0 1 1 0 1 0 0 1 0 1 1 0 0 0 0 0 0 0 0 1 0 0 0 0 0 0 0 0 0 1 0 0 0 1 0 0 0 0 0 0 0 0 0 1 1 0 0 0 0 0 1 0 1 1 1 1 1 1 1 1 1 1 0 0 1 1 0 1 1 0 1 1 0 0 1 0 0 1 0 0 0 1 0 1 1 0 0 0 0 0 0 0
5bab64b683978b8dc791f631309f39ab 0 1 1 1 0 1 0 0 1 0 0 0 0 0 1 1 0 0 0 0 1 1 1 1 1 1 0 0 1 0 0 1 1 1 1 0 0 1 0 0 1 0 1 0 0 1 1 0 0 1 1 1 1 1 1 1 1 1 1 1 1 1 1 1 1 1 0 0 0 0 1 0 0 1 0 0 0 0 0 0 0 0 0 0 0 1 1 0 0 1 1 1 1 1 1 1 1 0 1 1 0 0 0 1 0 0 0 0 0 0 0 0 0 0 0 1 1 1 1 1 1 1 1 1 1 1 1 0 0 0 1 1 0 0 0 0 1 1 0 0 1 1 1 1 0 0 0 1 1 0 1 0 0 1 1 1 1 1
7a4d30e7c10bddd8d6745bd6f2883632 0 1 1 0 0 1 0 0 1 0 0 0 0 1 1 1 0 0 0 0 1 1 1 1 0 1 0 1 0 0 0 0 0 0 0 1 0 1 0 0 1 0 1 0 0 1 1 0 0 1 0 0 0 0 0 0 0 0 0 1 0 1 0 0 0 0 0 1 0 0 1 0 0 1 0 0 1 1 0 0 0 0 0 0 0 1 0 0 0 0 0 0 0 0 0 1 1 0 1 0 0 0 0 0 0 0 0 0 0 0 0 0 0 1 1 1 1 1 1 1 0 1 1 1 1 1 1 0 0 0 1 1 0 0 0 0 1 1 0 0 1 1 1 1 0 0 0 1 1 0 1 0 0 1 1 0 0 0
6e6d758ef01e77d808a20903cd67dbba 0 1 1 1 0 0 0 0 1 0 0 0 0 0 1 1 0 0 0 0 1 1 1 1 0 1 0 1 1 0 0 0 0 0 0 0 0 1 0 0 1 0 1 0 0 1 1 0 0 1 0 0 0 0 0 0 0 0 0 0 0 0 0 0 0 0 0 0 0 0 1 0 0 1 0 0 0 0 0 0 0 0 0 0 0 1 0 0 0 0 0 0 0 0 0 1 1 1 1 1 0 0 0 0 0 0 0 0 0 0 0 0 0 0 0 1 1 1 1 1 1 1 1 1 1 1 1 0 0 0 1 1 1 0 0 0 1 1 0 0 1 1 1 1 0 0 0 1 0 0 1 0 0 1 1 0 0 0
7e78ffcf663f38cf53705c7ec063b43a 0 1 0 1 0 0 1 0 1 1 0 0 0 1 1 1 0 0 0 0 0 0 1 1 0 0 0 0 0 0 0 0 0 0 0 1 1 0 0 0 1 0 1 0 0 0 0 0 0 0 0 0 0 0 0 0 0 0 0 0 0 0 0 0 0 0 0 1 1 0 1 0 0 1 0 1 1 0 1 0 0 0 0 0 0 0 0 0 0 0 0 0 0 0 0 0 1 1 0 0 0 1 1 1 0 0 0 0 0 1 1 0 0 0 0 1 0 1 0 0 0 1 1 1 1 1 0 0 0 0 1 1 1 1 1 0 1 0 0 0 0 1 1 0 0 1 1 1 0 0 0 1 1 1 0 0 0 0
eb12ce6d95e9ad7f41c946483a4c28db 0 1 0 1 0 1 1 0 1 1 0 0 0 1 1 1 0 0 0 0 0 0 1 1 0 0 0 0 0 0 0 0 0 0 0 1 0 0 0 0 1 0 1 0 0 0 0 0 0 0 0 0 0 0 0 0 0 0 0 0 0 0 0 0 0 0 0 1 1 0 1 0 0 1 0 1 1 0 1 0 0 0 0 0 0 0 0 0 0 0 0 0 0 0 0 0 1 1 0 0 0 1 1 1 0 0 0 0 0 1 1 0 0 0 0 1 0 1 0 0 0 1 1 1 1 1 0 0 0 0 1 1 0 1 1 0 1 0 0 1 0 1 1 0 1 1 0 1 0 0 0 1 1 1 0 0 0 0
8a4139705e5d570bce8b27371000eaa2 0 1 0 1 0 1 1 0 1 1 0 0 0 1 1 1 0 0 0 0 0 0 1 1 0 0 0 0 0 0 0 0 0 0 0 1 1 0 0 0 1 0 1 0 0 0 0 0 0 0 0 0 0 0 0 0 0 0 0 0 0 0 0 0 0 0 1 1 1 0 1 0 0 1 0 1 1 0 1 0 0 0 0 0 0 0 0 0 0 0 0 0 0 0 0 0 1 1 0 0 1 1 1 1 0 0 0 0 0 1 1 0 0 0 0 1 0 1 0 0 0 1 1 1 1 1 0 0 0 0 1 1 0 1 1 0 1 0 0 1 0 1 1 0 1 1 1 1 0 0 0 1 1 1 0 0 0 0
d63366ca996998b74e712bf094d8c5b1 0 1 0 1 0 0 1 0 1 1 0 0 0 1 1 1 0 0 0 0 0 0 1 1 0 0 0 0 0 0 0 0 0 0 0 1 1 0 0 0 1 0 1 0 0 0 0 0 0 0 0 0 0 0 0 0 0 0 0 0 0 0 0 0 0 0 1 1 1 0 1 0 0 1 0 1 1 0 1 0 0 0 0 0 0 0 0 0 0 0 0 0 0 0 0 0 1 1 0 0 1 1 1 1 0 0 0 0 0 1 1 0 0 0 0 1 0 1 0 0 0 1 1 1 1 1 0 0 0 0 1 1 1 1 1 0 1 0 0 1 0 1 1 0 1 1 1 1 0 0 0 1 1 1 0 0 0 0
13654e1a96809ab2c38870f7fd0316d0 0 1 0 1 0 1 1 0 1 1 0 0 0 1 1 1 0 0 0 0 0 0 1 1 0 0 0 0 0 0 0 0 0 0 0 1 1 0 0 0 1 0 1 0 0 0 0 0 0 0 0 0 0 0 0 0 0 0 0 0 0 0 0 0 0 0 1 1 1 0 1 0 0 1 0 1 1 0 1 0 0 0 0 0 0 0 0 0 0 0 0 0 0 0 0 0 1 1 0 0 1 1 1 1 0 0 0 0 0 1 1 0 0 0 0 1 0 1 0 0 0 1 1 1 1 1 0 0 0 0 1 1 1 1 1 0 1 0 0 1 0 1 1 0 1 1 1 1 0 0 0 1 1 1 0 0 0 0
f7cf3a8625896c0b7e7afca01dfcc848 0 1 0 1 0 0 1 0 1 1 0 0 0 1 1 1 0 0 0 0 0 0 1 1 0 0 0 0 0 0 0 0 0 0 0 1 0 0 0 0 1 0 1 0 0 0 0 0 0 0 0 0 0 0 0 0 0 0 0 0 0 0 0 0 0 0 0 1 1 0 1 0 0 1 0 1 1 0 1 0 0 0 0 0 0 0 0 0 0 0 0 0 0 0 0 0 1 1 0 0 0 1 1 1 0 0 0 0 0 1 1 0 0 0 0 1 0 1 0 0 0 1 1 1 1 1 0 0 0 0 1 1 0 1 1 0 1 0 0 1 0 1 1 0 1 1 0 1 0 0 0 1 1 1 0 0 0 0
d889d785a1186a50a5cb7b6630d3287f 0 1 0 0 0 0 1 0 1 0 0 0 0 0 1 1 0 0 0 0 0 0 1 1 0 0 0 0 0 0 0 0 0 0 0 0 0 0 1 0 1 0 0 0 0 0 0 0 0 0 0 0 0 0 0 0 0 0 1 0 0 0 0 0 0 0 0 0 1 0 1 0 0 0 0 0 0 0 1 0 0 0 0 0 0 0 0 0 0 0 0 0 0 0 1 0 0 0 0 0 0 1 1 0 0 0 0 0 0 0 0 0 0 0 0 1 0 1 0 0 0 1 1 1 1 1 0 0 0 0 1 1 0 0 0 0 0 0 0 1 0 1 1 0 1 1 0 1 1 0 0 1 1 1 0 0 0 0
20355c224b80029cc9043be565f1f08d 0 1 0 1 0 0 1 0 1 1 0 0 0 1 1 1 0 0 0 0 0 0 1 1 0 0 0 0 0 0 0 0 0 0 0 1 1 0 0 0 1 0 1 0 0 0 0 0 0 0 0 0 0 0 0 0 0 0 0 0 0 0 0 0 0 0 0 1 1 0 1 0 0 1 0 1 1 0 1 0 0 0 0 0 0 0 0 0 0 0 0 0 0 0 0 0 1 1 0 0 0 1 1 1 0 0 0 0 0 1 1 0 0 0 0 1 0 1 0 0 0 1 1 1 1 1 0 0 0 0 1 1 0 1 1 0 1 0 0 1 0 1 1 0 1 1 1 1 0 0 0 1 1 1 0 0 0 0
6496bfa00ec6ca411c91c34ab12b8655 0 1 1 1 0 0 0 0 1 0 0 0 0 0 1 1 1 1 0 0 0 0 1 1 0 0 0 0 1 0 0 0 0 0 0 0 0 1 0 0 1 0 1 0 0 1 0 0 1 1 0 0 0 0 0 0 0 0 0 1 0 1 0 0 0 0 0 0 0 0 1 1 0 1 0 0 0 0 0 0 0 0 0 1 1 1 0 0 0 0 0 0 0 0 0 1 1 0 1 1 0 0 0 0 0 0 0 0 1 0 0 0 0 0 0 1 1 1 1 1 1 1 1 1 1 1 0 1 0 0 1 1 0 0 0 0 1 1 0 0 1 1 1 1 0 0 0 1 1 0 1 0 0 1 1 0 0 1
c32321d65e26dc6a0aa1a7188e0e7758 0 1 0 0 0 0 0 0 1 0 0 0 0 1 1 1 1 1 1 0 0 0 1 1 0 0 0 0 0 0 0 1 1 1 1 1 0 0 0 0 1 0 0 0 0 1 0 0 1 0 1 1 1 1 1 1 1 1 1 1 1 1 1 1 1 1 0 1 0 0 1 1 0 0 1 0 1 0 0 0 0 0 0 1 1 0 1 0 0 0 1 1 1 0 1 0 0 0 0 0 0 0 0 0 0 0 0 0 1 0 0 1 1 0 0 1 0 1 0 0 0 1 1 1 1 1 0 1 0 0 1 1 0 0 0 0 0 0 0 0 0 1 1 0 0 0 0 1 1 0 1 0 0 1 0 0 1 1
a9bf0331735762f44f55821ccaaa45b0 0 1 1 1 0 0 0 0 1 1 0 0 0 0 1 1 0 0 0 0 1 1 1 1 0 1 0 1 1 0 0 0 0 0 0 0 0 1 0 0 1 0 1 0 0 1 1 0 1 1 0 0 0 0 0 0 0 0 0 0 0 0 0 0 0 0 0 0 0 0 1 0 0 1 0 0 0 0 0 0 0 0 0 0 0 1 0 0 0 0 0 0 0 0 0 1 1 0 1 1 0 0 0 0 0 0 0 0 0 0 0 0 0 0 0 1 1 1 0 0 1 1 1 1 1 1 1 1 0 0 1 1 0 1 0 0 1 1 0 0 1 0 0 1 0 0 0 1 0 0 1 0 0 1 1 0 0 0
