000_md5sum 8021q af_alg af_packet af_packet_diag algif_skcipher arc4 auth_rpcgss autofs4 binfmt_misc bluetooth bnep bnx2x bonding br_netfilter bridge btrfs cdrom cifs cmac configfs crc16 crc32c_vpmsum crct10dif_vpmsum crypto_user dlm dm_log dm_mirror dm_mod dm_multipath dm_queue_length dm_region_hash dm_round_robin dm_service_time dns_resolver ecdh_generic ext4 fscache garp gf128mul gfs2 grace gre hidp ib_core ibmveth ibmvfc ibmvnic ibmvscsi inet_diag ip6_tables ip6_udp_tunnel ip6t_REJECT ip6table_filter ip6table_mangle ip6table_nat ip6table_raw ip_set ip_set_hash_net ip_tables ipt_REJECT iptable_filter iptable_mangle iptable_nat iptable_raw isofs jbd2 joydev kcm l2tp_core l2tp_netlink l2tp_ppp libcrc32c llc lockd lp lpfc mbcache md4 mdio mrp netlink_diag nf_conntrack nf_conntrack_broadcast nf_conntrack_ftp nf_conntrack_ipv4 nf_conntrack_ipv6 nf_conntrack_netbios_ns nf_conntrack_netlink nf_conntrack_proto_gre nf_conntrack_tftp nf_defrag_ipv4 nf_defrag_ipv6 nf_log_common nf_log_ipv4 nf_log_ipv6 nf_nat nf_nat_ipv4 nf_nat_ipv6 nfnetlink nfnetlink_log nfnetlink_queue nfs nfs_acl nfsd nfsv3 nfsv4 nls_utf8 nvme_core nvme_fabrics nvme_fc nvmet nvmet_fc parport parport_pc ppp_generic pppoe pppox pps_core pptp ptp qla2xxx raid6_pq raw_diag rds rfcomm rfkill rpadlpar_io rpaphp rpcsec_gss_krb5 rtc_generic scsi_dh_alua scsi_dh_emc scsi_dh_rdac scsi_mod scsi_transport_fc scsi_transport_iscsi scsi_transport_srp sctp sctp_diag sd_mod serpent_generic sg sha512_generic slhc softdog sr_mod st stp sunrpc tcp_diag tun twofish_common twofish_generic udp_diag udp_tunnel uio uio_pdrv_genirq unix_diag usbcore vmx_crypto x_tables xfrm_user xfs xhci_hcd xhci_pci xor xt_CT xt_LOG xt_NFLOG xt_comment xt_conntrack xt_limit xt_multiport xt_pkttype xt_set xt_tcpudp xxhash zstd_compress zstd_decompress
1e07ed0b3dbc01f3d018d7c0930634a7 0 0 1 1 0 0 1 1 1 0 0 0 0 0 0 1 1 0 0 0 0 1 1 0 0 1 1 1 1 0 1 0 1 0 0 0 0 0 1 0 1 0 0 0 1 1 0 1 1 1 0 1 1 1 0 0 0 0 1 1 1 0 0 0 1 0 1 0 0 0 0 1 0 1 1 0 0 0 0 0 1 1 1 0 1 1 1 0 0 0 1 1 1 1 1 0 0 0 0 0 0 0 1 1 0 0 1 0 0 0 0 0 1 1 0 0 0 0 0 0 0 1 1 0 0 0 1 1 0 1 1 1 1 1 1 1 1 1 1 1 0 1 0 0 1 1 1 0 1 1 0 0 0 1 0 1 1 1 0 1 1 1 0 0 0 1 0 1 0 1 1 1 0 1 0 1 1 1 1
dfd09597880a32071decaffdaa44a802 0 0 1 1 0 0 1 1 0 0 0 0 0 0 0 1 1 0 0 0 0 1 1 0 0 1 1 1 1 0 1 0 1 0 0 0 0 0 1 0 1 0 0 0 1 1 0 1 1 0 0 0 0 0 0 0 0 0 0 0 0 0 0 0 1 0 1 0 0 0 0 1 0 1 0 0 0 0 0 0 1 0 0 0 0 0 0 0 0 0 0 0 0 0 0 0 0 0 0 0 0 0 1 1 0 0 1 0 0 0 0 0 0 0 0 0 0 0 0 0 0 1 1 0 0 0 1 1 0 1 1 1 1 1 1 1 1 1 1 1 0 1 0 0 1 1 0 0 1 1 0 0 0 1 0 1 1 1 0 1 0 0 0 0 0 1 0 0 0 0 0 0 0 0 0 0 1 1 1
63ed0a98b98691920ff90ca095a266fd 0 0 1 1 0 0 1 1 1 0 0 0 0 0 0 1 1 0 0 0 0 1 1 0 0 1 1 1 1 0 1 0 1 1 0 0 1 0 1 0 1 0 0 0 1 1 0 1 1 0 0 0 0 0 0 0 0 0 0 0 0 0 0 0 0 0 1 0 0 0 0 1 0 1 1 0 0 0 0 0 1 0 0 0 0 0 0 0 0 0 0 0 0 0 0 0 0 0 0 0 0 1 1 1 0 1 0 0 0 0 0 0 1 1 0 0 0 0 0 0 0 1 1 0 0 0 1 1 1 1 1 1 1 1 1 0 1 0 0 1 0 1 0 0 0 1 1 0 1 1 0 0 0 1 0 1 1 1 0 1 0 1 1 0 0 1 0 0 0 0 0 0 0 0 0 0 1 1 1
c848dba8867700e63559d9ca65f8dd36 0 0 1 1 0 0 1 1 1 0 0 0 0 0 0 1 1 0 0 0 0 1 1 0 0 1 1 1 1 0 1 0 1 1 0 0 1 0 1 0 1 0 0 0 1 1 0 1 1 0 0 0 0 0 0 0 0 0 0 0 0 0 0 0 0 0 1 0 0 0 0 1 0 1 1 0 0 0 0 0 1 0 0 0 0 0 0 0 0 0 0 0 0 0 0 0 0 0 0 0 0 1 1 1 0 1 0 0 0 0 0 0 1 1 0 0 0 0 0 0 0 1 1 0 0 0 1 1 1 1 1 1 1 1 1 0 1 0 0 1 0 1 0 0 0 1 1 0 1 1 0 0 0 1 0 1 1 1 0 1 0 1 1 0 0 1 0 0 0 0 0 0 0 0 0 0 1 1 1
3bdf60743711576146ffd3df1c401424 1 0 1 0 0 0 1 1 1 0 0 1 1 0 0 1 1 0 0 1 0 1 1 0 0 1 1 1 1 0 1 0 1 1 0 0 1 1 1 0 1 0 0 0 0 0 0 0 0 0 0 0 0 0 0 0 0 0 0 0 0 0 0 0 0 0 1 0 0 0 0 1 1 1 0 1 0 0 1 1 0 0 0 0 0 0 0 0 0 0 0 0 0 0 0 0 0 0 0 0 0 1 0 0 0 1 0 1 1 1 1 1 0 0 0 0 0 1 0 1 0 1 0 0 0 0 0 0 1 1 1 1 1 1 1 0 0 0 0 1 0 1 0 0 0 1 1 1 1 0 0 0 0 0 0 1 1 0 1 1 0 0 0 1 1 1 0 0 0 0 0 0 0 0 0 0 1 1 1
b11aab6344815cde37dc2eeccfe99a98 0 0 1 1 0 0 1 1 1 0 0 0 0 0 0 1 0 0 0 0 1 1 1 0 0 1 1 1 1 0 1 0 1 1 0 1 1 0 1 0 1 0 0 0 1 1 0 1 1 0 0 0 0 0 0 0 0 0 0 0 0 0 0 0 0 1 0 0 0 0 0 1 0 1 0 0 1 0 0 0 1 0 0 0 0 0 0 0 0 0 0 0 0 0 0 0 0 0 0 0 0 1 1 1 1 1 0 0 0 0 0 0 0 0 0 0 0 0 0 0 0 1 1 0 0 0 1 1 1 1 1 1 1 1 1 0 1 0 0 1 0 1 0 0 0 0 0 0 1 1 0 0 0 1 0 0 0 1 0 1 0 0 1 0 0 1 0 0 0 0 0 0 0 0 0 0 1 1 1
1eca360390c6d3fc173ec801a7c7d610 1 0 1 1 0 1 1 1 1 0 0 0 0 0 0 1 1 1 1 0 0 1 1 0 0 1 1 1 1 0 1 0 1 1 0 0 1 1 1 0 1 0 0 0 0 1 1 0 1 1 0 0 1 1 1 1 1 1 1 0 1 1 1 1 0 0 1 0 0 0 0 1 1 1 1 0 0 1 0 1 1 1 0 1 1 1 0 0 1 1 1 1 0 0 0 1 1 1 1 1 1 1 1 0 1 1 1 0 0 0 0 0 1 1 0 0 0 0 0 0 0 1 1 0 0 0 1 1 1 1 1 1 1 1 1 0 0 0 0 1 0 1 1 0 0 1 1 1 1 1 0 0 0 1 0 1 1 1 0 1 1 1 1 0 0 1 1 1 1 0 1 0 1 0 1 1 1 1 1
340fa0c99c8acec05952337def820164 1 0 1 1 0 1 1 1 1 0 0 0 0 0 0 1 1 1 1 0 0 1 1 0 0 1 1 1 1 0 1 0 1 1 0 0 1 1 1 0 1 0 0 0 0 1 1 0 1 1 0 0 1 1 1 1 1 1 1 0 1 1 1 1 0 0 1 0 0 0 0 1 1 1 1 0 0 1 0 1 1 1 0 1 1 1 0 1 1 1 1 1 0 0 0 1 1 1 1 1 1 1 1 1 1 1 1 0 0 0 0 0 1 1 0 0 0 0 0 0 0 1 1 0 0 0 1 1 1 1 1 1 1 1 1 0 0 0 0 1 0 1 1 0 0 1 1 1 1 1 0 0 0 1 0 1 1 1 0 1 1 1 1 0 0 1 1 1 1 0 1 0 1 0 1 1 1 1 1
cd6dd1a1f8556e3d9c07e3da75a86606 0 0 1 1 0 0 0 1 1 0 0 0 0 0 0 1 0 0 0 0 0 1 1 0 0 1 1 1 1 1 1 0 0 0 0 0 1 0 1 0 1 0 0 0 1 1 0 0 1 0 0 0 0 0 0 0 0 0 0 0 0 0 0 0 0 0 0 0 0 0 0 1 0 1 0 0 0 0 0 0 1 0 0 0 0 0 0 0 0 0 0 0 0 0 0 0 0 0 0 0 0 1 1 0 1 0 0 0 0 0 0 0 0 0 0 0 0 0 0 0 0 1 1 0 0 0 1 1 0 1 1 1 1 1 1 0 0 0 0 1 0 1 0 0 0 0 0 0 1 1 0 0 0 1 0 1 1 1 0 1 0 0 1 0 0 1 0 0 0 0 0 0 0 0 0 0 1 1 1
0460f71499e0146186114c92a1372ff5 0 0 1 1 0 0 1 1 1 0 0 0 0 0 0 0 1 0 0 1 0 1 1 0 1 1 1 1 1 0 1 0 1 1 0 0 1 0 1 1 1 0 0 0 1 1 0 1 1 0 0 0 0 0 0 0 0 0 0 0 0 0 0 0 0 0 0 0 0 0 0 1 0 1 0 0 0 0 0 0 1 0 0 0 0 0 0 0 0 0 0 0 0 0 0 0 0 0 0 0 0 1 1 1 0 1 0 0 0 0 0 0 0 0 0 0 0 0 0 0 0 0 1 0 0 0 1 1 1 1 1 1 1 1 1 0 1 0 0 1 0 1 0 0 0 1 0 0 1 1 0 0 0 1 0 0 0 1 0 1 0 0 1 0 0 0 0 0 0 0 0 0 0 0 0 0 0 0 0
0cba44e2327608e64d7ef37ca4060f4e 0 0 1 1 0 0 1 1 1 0 0 0 0 0 0 0 1 0 0 1 0 1 1 0 1 1 1 1 1 0 1 0 1 1 0 0 1 0 1 1 1 0 0 0 1 1 0 1 1 0 0 0 0 0 0 0 0 0 0 0 0 0 0 0 0 0 0 0 0 0 0 1 0 1 0 0 0 0 0 0 1 0 0 0 0 0 0 0 0 0 0 0 0 0 0 0 0 0 0 0 0 1 1 1 0 1 0 0 0 0 0 0 0 0 0 0 0 0 0 0 0 0 1 0 0 0 1 1 1 1 1 1 1 1 1 0 1 0 0 1 0 1 0 0 0 1 0 0 1 1 0 0 0 1 0 0 0 1 0 1 0 0 1 0 0 0 0 0 0 0 0 0 0 0 0 0 0 0 0
688ec849cdba8b57bbbd43824a20d2b2 0 0 1 1 0 0 0 1 1 0 0 0 0 0 0 1 0 0 0 0 0 1 1 0 0 1 1 1 1 0 1 0 1 0 0 0 1 0 1 0 1 0 0 0 1 1 0 0 1 0 0 0 0 0 0 0 0 0 0 0 0 0 0 0 0 0 0 0 0 0 0 1 0 1 0 0 0 0 0 0 1 0 0 0 0 0 0 0 0 0 0 0 0 0 0 0 0 0 0 0 0 1 1 0 1 0 0 0 0 0 0 0 0 0 0 0 0 0 0 0 0 1 1 0 0 0 1 1 0 1 1 1 1 1 1 0 0 0 0 1 0 1 0 0 1 0 0 0 1 1 0 0 0 1 0 1 1 1 0 1 0 0 1 0 0 1 0 0 0 0 0 0 0 0 0 0 1 1 1
69a515a8255fa2d83ccfbc048c75be9d 0 0 1 1 0 0 0 1 1 0 0 0 0 0 0 1 0 0 0 0 0 1 1 0 0 1 1 1 1 0 1 0 1 0 0 0 1 0 1 0 1 0 0 0 1 1 0 1 1 0 0 0 0 0 0 0 0 0 0 0 0 0 0 0 0 0 0 0 0 0 0 1 0 1 0 0 0 0 0 0 1 0 0 0 0 0 0 0 0 0 0 0 0 0 0 0 0 0 0 0 0 1 1 0 1 0 0 0 0 0 0 0 0 0 0 0 0 0 0 0 0 1 1 0 0 0 1 1 0 1 1 1 1 1 1 0 1 0 0 1 0 1 0 0 1 0 0 0 1 1 0 0 0 1 0 1 1 1 0 1 0 0 1 0 0 1 0 0 0 0 0 0 0 0 0 0 1 1 1
63a2d7300867ab417be6b33617c51138 0 0 1 1 0 0 1 1 1 0 0 0 0 0 0 1 1 0 0 0 0 1 1 0 0 1 1 1 1 0 1 0 1 1 0 0 1 0 1 0 1 0 0 0 1 1 0 0 1 0 0 0 0 0 0 0 0 0 0 0 0 0 0 0 0 0 1 0 0 0 0 1 0 1 1 0 0 0 0 0 1 0 0 0 0 0 0 0 0 0 0 0 0 0 0 0 0 0 0 0 0 1 0 0 0 1 0 0 0 0 0 0 1 1 0 0 0 0 0 0 0 1 1 0 0 0 1 1 1 1 1 1 1 1 1 0 0 0 0 1 0 1 0 0 0 1 1 0 1 1 0 0 0 1 0 0 0 1 0 1 0 1 1 0 0 1 0 0 0 0 0 0 0 0 0 0 1 1 1
2da0cda33625f3286793375952daf0a9 0 0 1 1 0 0 1 1 0 0 0 0 0 0 0 1 0 0 0 0 0 1 1 0 0 1 1 1 1 0 1 0 1 1 0 0 1 0 1 0 1 0 0 0 1 1 0 0 1 0 0 0 0 0 0 0 0 0 0 0 0 0 0 0 0 0 0 0 0 0 0 1 0 1 0 0 0 0 0 0 1 0 0 0 0 0 0 0 0 0 0 0 0 0 0 0 0 0 0 0 0 1 0 0 0 1 0 0 0 0 0 0 0 0 0 0 0 0 0 0 0 1 1 0 0 0 1 1 1 1 1 1 1 1 1 0 0 0 0 1 0 1 0 0 0 0 0 0 1 1 0 0 0 1 0 0 0 1 0 1 0 0 1 0 0 1 0 0 0 0 0 0 0 0 0 0 1 1 1
8e81fb58329a5e747e03d6b67a4fc45b 0 0 1 1 0 0 1 1 1 0 0 0 0 0 0 1 0 0 0 0 0 1 1 0 0 1 1 1 1 0 1 0 1 1 0 0 1 0 1 0 1 0 0 0 1 1 0 0 1 0 0 0 0 0 0 0 0 0 0 0 0 0 0 0 0 0 0 0 0 0 0 1 0 1 0 0 0 0 0 0 1 0 0 0 0 0 0 0 0 0 0 0 0 0 0 0 0 0 0 0 0 1 1 0 1 1 0 0 0 0 0 0 0 0 0 0 0 0 0 0 0 1 1 0 0 0 1 1 1 1 1 1 1 1 1 0 0 0 0 1 0 1 0 0 0 0 0 0 1 1 0 0 0 1 0 0 0 1 0 1 0 0 1 0 0 1 0 0 0 0 0 0 0 0 0 0 1 1 1
715a95476f2a3ce26671b8950120d05c 0 0 1 1 0 0 1 1 1 0 0 0 0 0 0 1 1 0 0 0 0 1 1 0 0 1 1 1 1 0 1 0 1 1 0 0 1 0 1 0 1 0 0 0 1 1 0 0 1 0 0 0 0 0 0 0 0 0 0 0 0 0 0 0 0 0 1 0 0 0 0 1 0 1 1 0 0 0 0 0 1 0 0 0 0 0 0 0 0 0 0 0 0 0 0 0 0 0 0 0 0 1 1 1 0 1 0 0 0 0 0 0 1 1 0 0 0 0 0 0 0 1 1 0 0 0 1 1 1 1 1 1 1 1 1 0 0 0 0 1 0 1 0 0 0 1 1 0 1 1 0 0 0 1 0 0 0 1 0 1 0 1 1 0 0 1 0 0 0 0 0 0 0 0 0 0 1 1 1
efdda5756ce1fa8b1850d495b4df8bbc 0 0 1 1 0 0 0 1 1 0 0 0 0 0 0 1 0 0 0 0 1 1 1 0 0 1 1 1 1 0 1 0 1 0 0 1 0 0 1 0 0 0 0 0 1 1 0 0 1 0 0 0 0 0 0 0 0 0 0 0 0 0 0 0 0 1 0 0 0 0 0 1 0 0 0 0 1 0 0 0 1 0 0 0 0 0 0 0 0 0 0 0 0 0 0 0 0 0 0 0 0 0 0 0 0 0 0 0 0 0 0 0 0 0 0 0 0 0 0 0 0 1 1 0 0 0 1 1 0 1 1 1 1 1 1 0 0 0 0 1 0 1 0 0 0 0 0 0 0 1 0 0 0 1 0 0 0 1 0 1 0 0 1 0 0 1 0 0 0 0 0 0 0 0 0 0 1 1 1
47f97b1ed4a64f7253cf62bfb632b9c5 0 0 1 1 0 0 1 1 1 0 0 0 0 0 0 0 0 0 0 0 1 1 1 0 0 1 1 1 1 0 1 0 1 1 0 1 1 0 1 0 1 0 0 0 1 1 0 1 1 0 0 0 0 0 0 0 0 0 0 0 0 0 0 0 0 1 0 0 0 0 0 1 0 1 0 0 1 0 0 0 1 0 0 0 0 0 0 0 0 0 0 0 0 0 0 0 0 0 0 0 0 1 0 0 0 1 0 0 0 0 0 0 0 0 0 0 0 0 0 0 0 0 1 0 0 0 1 1 1 1 1 1 1 1 1 0 1 0 0 1 0 1 0 0 1 0 0 0 1 1 0 0 0 1 0 0 0 1 0 1 0 0 1 0 0 0 0 0 0 0 0 0 0 0 0 0 0 0 0
af1c6e1781a92296b1e85680acbe6b29 0 0 1 1 0 0 1 1 1 0 0 0 0 0 0 0 1 0 0 0 1 1 1 0 0 1 1 1 1 0 1 0 1 1 0 1 1 0 1 0 1 0 0 0 1 1 0 0 1 0 0 0 0 0 0 0 0 0 1 0 1 0 0 0 0 1 1 0 0 0 0 1 0 1 1 0 1 0 0 0 1 0 0 0 0 0 0 0 0 0 0 0 0 0 0 0 0 0 0 0 0 1 1 0 1 1 0 0 0 0 0 0 1 1 0 0 0 0 0 0 0 0 1 0 0 0 1 1 1 1 1 1 1 1 1 0 0 0 0 1 0 1 0 0 0 1 1 0 1 1 0 0 0 1 0 1 1 1 0 1 1 1 1 0 0 0 0 0 0 0 0 0 0 0 0 0 0 0 0
f65e9f09826053807e53c371a9c4b8ee 0 0 1 1 0 0 0 1 0 0 0 0 0 0 0 1 1 0 0 0 0 1 1 0 0 1 1 1 1 0 1 0 1 0 0 0 0 0 1 0 0 0 0 0 1 1 0 1 1 0 0 0 0 0 0 0 0 0 0 0 0 0 0 0 0 0 0 0 0 0 0 0 0 0 0 0 0 0 0 0 1 0 0 0 0 0 0 0 0 0 0 0 0 0 0 0 0 0 0 0 0 0 0 0 0 0 0 0 0 0 0 0 0 0 0 0 0 0 0 0 0 1 1 0 0 0 1 1 0 1 1 1 1 1 1 0 1 0 0 1 0 1 0 0 0 1 0 0 0 1 0 0 0 1 0 0 0 1 0 1 0 0 0 0 0 1 0 0 0 0 0 0 0 0 0 0 1 1 1
144b9af28d8da4b964b11b56596ae464 1 0 1 1 0 0 1 1 1 0 0 0 0 0 0 1 0 0 0 0 0 1 1 0 0 1 1 1 1 0 1 0 1 1 0 0 1 1 1 0 1 0 0 0 1 0 0 1 1 1 0 1 1 1 0 0 0 0 1 1 1 0 0 0 0 0 0 0 0 0 0 1 1 1 0 0 0 0 0 1 1 1 1 0 1 1 1 0 0 0 1 1 1 1 1 0 0 0 0 0 0 1 1 0 1 1 0 0 0 0 0 0 0 0 0 0 0 0 0 0 0 1 1 0 0 0 1 1 1 1 1 1 1 1 0 0 1 0 0 1 0 1 0 0 0 0 0 1 1 1 0 0 0 1 0 1 1 1 0 1 1 0 1 0 0 1 0 1 0 1 1 1 0 1 0 1 1 1 1
6fea57d6ddfdcfed4d847c8b5e08f0eb 0 0 1 1 0 0 0 1 1 0 0 0 0 0 0 1 0 0 0 0 0 1 1 0 0 1 1 1 1 0 1 0 1 0 0 0 0 0 1 0 0 0 0 0 1 1 0 1 1 0 0 0 0 0 0 0 0 0 0 0 0 0 0 0 0 0 0 0 0 0 0 1 0 0 0 0 0 0 0 0 1 0 0 0 0 0 0 0 0 0 0 0 0 0 0 0 0 0 0 0 0 0 0 0 0 0 0 0 0 0 0 0 0 0 0 0 0 0 0 0 0 1 1 0 0 0 1 1 0 1 1 1 1 1 1 0 1 0 0 1 0 1 0 0 1 0 0 0 0 1 0 0 0 1 0 1 1 1 0 1 0 0 1 0 0 1 0 0 0 0 0 0 0 0 0 0 1 1 1
2be547de08aea45d5840634cfa72b43f 0 0 1 1 0 0 0 1 1 0 0 0 0 0 0 1 0 0 0 0 0 1 1 0 0 1 1 1 1 0 1 0 1 0 0 0 0 0 1 0 0 0 0 0 1 1 0 1 1 0 0 0 0 0 0 0 0 0 0 0 0 0 0 0 0 0 0 0 0 0 0 1 0 0 0 0 0 0 0 0 1 0 0 0 0 0 0 0 0 0 0 0 0 0 0 0 0 0 0 0 0 0 0 0 0 0 0 0 0 0 0 0 0 0 0 0 0 0 0 0 0 1 1 0 0 0 1 1 0 1 1 1 1 1 1 0 1 0 0 1 0 1 0 0 1 0 0 0 0 1 0 0 0 1 0 1 1 1 0 1 0 0 1 0 0 1 0 0 0 0 0 0 0 0 0 0 1 1 1
a465753356c6333641fcc8c9617aa5c2 0 0 1 1 0 0 0 1 1 0 0 0 0 0 0 1 0 0 0 0 0 1 1 0 0 1 1 1 1 0 1 0 1 0 0 0 0 0 1 0 0 0 0 0 1 1 0 1 1 0 0 0 0 0 0 0 0 0 0 0 0 0 0 0 0 0 0 0 0 0 0 1 0 0 0 0 0 0 0 0 1 0 0 0 0 0 0 0 0 0 0 0 0 0 0 0 0 0 0 0 0 0 0 0 0 0 0 0 0 0 0 0 0 0 0 0 0 0 0 0 0 1 1 0 0 0 1 1 0 1 1 1 1 1 1 0 1 0 0 1 0 1 0 0 1 0 0 0 0 1 0 0 0 1 0 1 1 1 0 1 0 0 1 0 0 1 0 0 0 0 0 0 0 0 0 0 1 1 1
1e9d98b3c2f486508d988bf1aa881306 0 0 1 1 0 0 0 1 1 0 0 0 0 0 0 1 0 0 0 0 0 1 1 0 0 1 1 1 1 0 1 0 1 0 0 0 0 0 1 0 0 0 0 0 1 1 0 0 1 0 0 0 0 0 0 0 0 0 0 0 0 0 0 0 0 0 0 0 0 0 0 1 0 0 0 0 0 0 0 0 1 0 0 0 0 0 0 0 0 0 0 0 0 0 0 0 0 0 0 0 0 0 0 0 0 0 0 0 0 0 0 0 0 0 0 0 0 0 0 0 0 1 1 0 0 0 1 1 0 1 1 1 1 1 1 0 0 0 0 1 0 1 0 0 1 0 0 0 0 1 0 0 0 1 0 1 1 1 0 1 0 0 1 0 0 1 0 0 0 0 0 0 0 0 0 0 1 1 1
bcec614fda204579225d9523a4f7f6e7 0 0 1 1 0 0 1 1 1 0 0 0 0 0 0 1 0 0 0 0 0 1 1 0 0 1 1 1 1 0 1 0 1 0 0 0 0 0 1 0 1 0 0 0 1 1 0 1 1 0 0 0 0 0 0 0 0 0 0 0 0 0 0 0 0 0 0 0 0 0 0 1 0 1 0 0 0 0 0 0 1 0 0 0 0 0 0 0 0 0 0 0 0 0 0 0 0 0 0 0 0 0 1 1 0 0 0 0 0 0 0 0 0 0 0 0 0 0 0 0 0 1 1 0 0 0 1 1 0 1 1 1 1 1 1 0 1 0 0 1 0 1 0 0 0 0 0 0 1 1 0 0 0 1 0 1 1 1 0 1 0 0 1 0 0 1 0 0 0 0 0 0 0 0 0 0 1 1 1
78855d910131f412f64242d2ae1f613a 0 0 1 1 0 0 1 1 1 0 0 0 0 0 0 1 1 0 0 0 0 1 1 0 0 1 1 1 1 0 1 0 1 0 0 0 0 0 1 0 1 0 0 0 1 1 0 1 1 0 0 0 0 0 0 0 0 0 0 0 0 0 0 0 0 0 1 0 0 0 0 1 0 1 1 0 0 0 0 0 1 0 0 0 0 0 0 0 0 0 0 0 0 0 0 0 0 0 0 0 0 0 1 1 0 0 0 0 0 0 0 0 1 1 0 0 0 0 0 0 0 1 1 0 0 0 1 1 0 1 1 1 1 1 1 0 1 0 0 1 0 1 0 0 0 1 1 0 1 1 0 0 0 1 0 1 1 1 0 1 0 1 1 0 0 1 0 0 0 0 0 0 0 0 0 0 1 1 1
ba3828567cc40af7c933311e499601e8 0 0 1 1 0 0 1 1 1 0 0 0 0 0 0 1 0 0 0 0 0 1 1 0 0 1 1 1 1 0 1 0 1 1 0 0 1 0 1 0 1 0 0 0 1 1 0 1 1 0 0 0 0 0 0 0 0 0 0 0 0 0 0 0 0 0 0 0 0 0 0 1 0 1 0 0 0 0 0 0 1 0 0 0 0 0 0 0 0 0 0 0 0 0 0 0 0 0 0 0 0 1 0 0 0 1 0 0 0 0 0 0 0 0 0 0 0 0 0 0 0 1 1 0 0 0 0 0 1 1 1 1 1 1 1 0 1 0 0 1 0 1 0 0 0 0 0 0 1 1 0 0 0 1 0 0 0 1 0 1 0 0 1 0 0 1 0 0 0 0 0 0 0 0 0 0 1 1 1
45447abe5a6ca7923bc451cd28aa1051 0 0 1 0 0 0 0 1 0 0 0 0 0 0 0 1 1 0 0 1 0 1 1 0 0 1 1 1 1 0 1 1 1 0 0 0 0 0 1 0 0 0 0 0 1 1 0 1 0 0 0 0 0 0 0 0 0 0 0 0 0 0 0 0 0 0 0 0 0 0 0 1 0 0 0 1 0 0 0 0 0 0 0 0 0 0 0 0 0 0 0 0 0 0 0 0 0 0 0 0 0 0 0 0 0 0 0 1 1 1 1 1 0 0 0 0 0 0 0 0 1 1 0 0 0 0 0 0 0 1 1 1 1 1 1 0 1 0 0 1 0 1 0 0 0 1 0 0 0 0 0 0 0 0 0 1 1 0 0 1 0 0 1 0 0 1 0 0 0 0 0 0 0 0 0 0 1 1 1
53e1fe2d863f7999d242931820c59c22 1 1 1 0 1 0 1 1 0 1 1 0 0 1 1 1 0 0 0 0 1 1 1 1 0 0 0 1 1 0 0 0 0 1 1 0 1 1 1 0 1 1 1 1 1 0 0 1 0 1 1 1 1 1 0 0 0 0 1 1 1 0 0 0 0 0 0 1 1 1 1 1 1 1 0 0 0 0 0 1 0 1 1 0 1 1 1 0 0 0 1 1 1 1 1 0 0 0 1 0 0 1 1 0 1 1 0 0 0 0 0 0 0 0 1 1 1 0 1 0 0 1 0 1 1 1 1 1 1 1 1 1 1 1 0 1 1 1 0 1 1 1 0 1 0 0 0 1 1 0 1 1 1 0 1 0 0 0 0 1 1 1 1 0 0 1 0 1 0 1 1 1 0 1 0 1 1 1 1
