000_md5sum SAPD SAPEWD SAPHBP SAPLTD SAPMG SAPP SAPQ SAPR2P SAPRPR SAPXP csync liblogging-stdlog root
79eab08b39a92d6ba4b1c0c76aef7442 0 1 0 0 0 0 0 0 0 0 0 0 0
9b7acba6c75a68fa6eb8348ba2d69bd5 0 0 0 0 0 0 0 0 0 1 0 0 0
466c1a6104ee8cfbac5fdab4aef65aef 0 0 0 0 1 0 0 0 0 0 0 0 1
63feaca62192583d094058b0f3b60782 0 0 0 0 0 0 0 1 0 0 0 0 0
4a72462d3857f2814fc38dbe33c5ee6e 0 0 0 1 0 0 0 0 0 0 0 0 0
025a6c6d38f01cd4ace436b91d997792 0 0 0 0 0 0 0 0 0 0 0 1 0
2ce4f3c89b79420bd9855d54de965314 0 0 0 0 0 0 0 0 0 0 0 1 0
8a05b9f585333f5aea3c85c44c7e83f8 0 0 0 0 0 0 0 0 0 0 0 1 0
64868434039695247d33b321524fb148 1 0 0 0 0 0 1 0 0 0 0 1 0
7bacf9bd80963e49ebe30146d0d0073a 0 0 0 0 0 1 0 0 0 0 0 1 0
29c4ec9cff06321cdcad489c89b10883 0 0 0 0 0 0 0 0 0 0 1 0 0
d228c193a4f982926f2004f603185e7e 0 0 0 0 0 0 0 0 0 0 1 0 0
f311c8f39f573b950f4f5fc202eb852b 0 0 0 0 0 0 0 0 1 0 0 0 0
138b6919a7ef327730f2a2436d5a6eb2 0 0 0 0 0 0 0 0 0 0 1 0 0
cea2c0d441626b449625232dcb43818e 0 0 1 0 0 0 0 0 0 0 0 0 0
bf60a0cb069a10aacfaa5d4107c59a78 0 0 0 0 0 0 0 0 0 0 1 0 0
e820bbf926ecc27fbf03e83945b984f6 0 0 0 0 0 0 0 0 0 0 1 0 0
