000_md5sum SAPQAS SAPTGT SAPWE auditLog bgelx crm-fence-peer.sh crm-unfence-peer.sh deklux pdbpshdb ptest sapbatch sapqas slapd
d8f0bcbb06b7d64ec4f6a992b240d4aa 0 1 0 0 0 0 0 1 0 0 0 0 0
1e559b32a1c09b7436021d3b0b756ab2 0 0 0 0 1 1 1 0 0 0 0 0 0
1c89b31a8a4790741a5081b3db909e32 0 0 0 1 0 0 0 0 0 0 0 0 0
4c964394f099845052e8c8cdc2dd5c8a 0 0 1 0 0 0 0 0 0 0 1 0 0
1a73237a8339fdffa23f48c393ebd97c 0 0 1 0 0 0 0 0 0 0 1 0 0
f304f3f108e95c432830fecc6f899451 0 0 0 0 0 0 0 0 0 0 0 0 1
d09ac02f636c219c490021375b2f08a4 0 0 0 0 0 0 0 0 0 0 0 0 1
5b79d6cf539f37a71d400d376a1f81e7 0 0 0 0 0 0 0 0 0 0 0 0 1
e95f31806bed6d050c215d14b8f6ddaf 0 0 0 0 0 0 0 0 0 0 0 0 1
85a7f77d8561050b556e586c1c7ee726 0 0 0 0 0 0 0 0 0 0 0 0 1
43ed0b871df840493d19cc4acd631fee 1 0 0 0 0 0 0 0 0 0 0 1 0
d9e9e99688f5b93336ffece33d2a49d8 1 0 0 0 0 0 0 0 0 0 0 1 0
26d8488885acab47430d0373bcd18313 0 0 0 0 0 0 0 0 1 1 0 0 0
