000_md5sum Filesystem SAPEWT SAPHana SAPHanaTopology SAPInstance SAPPBR ansible-command besclient cib cloud-init crmd hedcb irqbalance kernel liblogging-stdlog lrmd lvm nrpe pacemakerd pengine salt-minion sapconf sbd xmpsl186phan
1e07ed0b3dbc01f3d018d7c0930634a7 0 0 0 0 0 0 0 0 0 0 0 0 0 1 0 0 0 0 0 0 0 0 0 0
dfd09597880a32071decaffdaa44a802 0 0 0 0 0 0 0 0 0 0 0 0 0 1 0 0 0 0 0 0 0 0 0 0
63ed0a98b98691920ff90ca095a266fd 0 0 0 0 0 0 0 0 0 0 0 0 0 1 0 0 0 0 0 0 1 0 0 0
c848dba8867700e63559d9ca65f8dd36 0 0 0 0 0 0 0 0 0 0 0 0 0 1 0 0 0 0 0 0 1 0 0 0
0460f71499e0146186114c92a1372ff5 1 0 0 0 1 0 0 0 0 0 1 0 0 1 0 0 1 0 0 1 0 0 0 0
0cba44e2327608e64d7ef37ca4060f4e 1 0 0 0 1 0 0 0 0 0 1 0 0 1 0 0 1 0 0 1 0 0 0 0
688ec849cdba8b57bbbd43824a20d2b2 0 0 0 0 0 0 0 0 0 0 0 0 0 0 0 0 0 0 0 1 0 0 0 0
63a2d7300867ab417be6b33617c51138 0 0 0 0 0 0 1 0 0 0 0 0 0 0 0 0 0 0 0 0 0 0 0 0
2da0cda33625f3286793375952daf0a9 0 0 0 0 0 0 1 1 0 0 0 0 0 1 0 0 0 0 0 0 0 0 0 0
8e81fb58329a5e747e03d6b67a4fc45b 0 0 0 0 0 0 1 0 0 0 0 0 0 0 0 0 0 0 0 0 0 0 0 0
715a95476f2a3ce26671b8950120d05c 0 0 0 0 0 0 0 0 0 0 0 0 0 0 0 0 0 0 0 0 0 0 0 1
efdda5756ce1fa8b1850d495b4df8bbc 0 0 0 0 0 0 1 0 0 0 0 0 0 1 0 0 1 0 0 0 0 0 0 0
47f97b1ed4a64f7253cf62bfb632b9c5 0 0 1 1 0 0 0 0 0 0 1 0 0 1 0 1 1 0 0 0 0 0 1 0
af1c6e1781a92296b1e85680acbe6b29 0 0 0 0 0 1 0 0 0 0 0 0 0 1 0 0 1 0 0 0 0 1 0 0
f65e9f09826053807e53c371a9c4b8ee 0 0 0 0 0 0 0 0 0 0 0 1 0 1 0 0 1 0 0 0 0 1 0 0
144b9af28d8da4b964b11b56596ae464 0 0 0 0 0 0 1 0 0 0 0 0 1 1 0 0 0 0 0 0 0 0 0 0
6fea57d6ddfdcfed4d847c8b5e08f0eb 0 0 0 0 0 0 0 0 0 0 0 1 0 0 0 0 0 0 0 0 0 0 0 0
2be547de08aea45d5840634cfa72b43f 0 0 0 0 0 0 0 0 0 0 0 1 0 0 0 0 0 0 0 0 0 0 0 0
a465753356c6333641fcc8c9617aa5c2 0 0 1 1 0 0 1 0 1 0 1 0 0 1 0 1 1 0 1 1 0 0 1 0
1e9d98b3c2f486508d988bf1aa881306 0 0 1 1 0 0 1 0 0 0 1 0 0 1 0 1 1 0 1 1 0 0 1 0
bcec614fda204579225d9523a4f7f6e7 0 0 0 0 0 0 0 0 0 1 0 0 0 1 1 0 1 1 0 0 0 0 0 0
ba3828567cc40af7c933311e499601e8 0 1 0 0 0 0 0 0 0 0 0 0 0 0 0 0 0 0 0 0 0 0 0 0
45447abe5a6ca7923bc451cd28aa1051 0 0 0 0 0 0 0 0 0 0 0 0 0 1 0 0 0 0 0 0 0 0 0 0
53e1fe2d863f7999d242931820c59c22 0 0 0 0 0 0 0 0 0 0 0 0 1 1 0 0 0 0 0 0 0 0 0 0
