000_md5sum Filesystem LVM LVM-activate SAPAW SAPPRD SAPS SAPXQ ansible-command apparmor.systemd firewalld gdm-Xorg gnome-session gnome-session-binary gnome-shell hawk-apiserver kernel load.sh lvm omiserver org.gnome.Shell.desktop osa-dispatcher pacemaker-based pacemaker-controld pacemaker-schedulerd pacemakerd rhn-search salt-api salt-master salt-minion sbd server taskomatic
27a936806635a50143f174c18d391076 0 0 0 0 0 1 0 0 0 0 0 0 0 0 0 1 0 0 0 0 0 0 0 0 0 0 0 0 1 0 0 0
fb7ab379974c6a692103d367033d59b7 0 0 0 0 0 0 0 0 0 0 0 0 0 0 0 1 0 0 0 0 1 0 0 0 0 1 1 1 0 0 1 0
ccd48d232c84dd7e59025adecc690c8a 0 0 0 0 0 0 0 0 0 0 0 0 0 0 1 1 0 0 0 0 0 1 1 0 0 0 0 0 1 1 0 0
0172b844473a0561d8f2096b2c6b4d53 0 0 0 0 0 0 0 0 0 0 0 0 0 0 1 1 0 0 0 0 0 1 1 0 0 0 0 0 1 1 0 0
1286852142ad6ff4e6b1059e3a09bf6f 0 0 0 0 0 0 0 0 0 0 0 0 0 0 0 1 0 0 0 0 0 0 0 0 0 0 0 0 0 0 0 0
711788a4b0556d948f99ca8c1422eec9 0 0 0 0 0 0 0 0 0 1 1 0 0 0 0 1 0 0 0 0 0 0 0 0 0 0 0 0 0 0 0 0
f192050c396733298cb1a7783750eafb 0 0 0 0 0 0 0 0 0 0 0 0 0 0 0 0 0 0 0 0 0 0 0 0 0 0 0 1 0 0 0 0
cad0f80bc613c2ff0807d206de2aea27 0 0 0 0 0 0 0 0 0 0 1 1 1 1 0 1 0 1 0 1 0 0 0 0 0 0 0 0 0 0 0 0
9bf4d4eebe3c69d8f981b7c81784ffe9 0 0 0 0 0 0 0 0 0 0 1 1 1 1 0 1 0 0 0 1 0 0 0 0 0 0 0 0 0 0 0 0
52077acd9af6b859eb55367e15444ae6 0 0 0 1 0 0 0 0 0 0 0 0 0 0 0 1 0 0 0 0 0 0 0 0 0 0 0 0 0 0 0 0
6d03cadf6cb771c023fede01627df782 0 0 0 0 0 0 0 0 0 0 1 0 0 0 0 1 0 1 0 0 0 0 0 0 0 0 0 0 0 0 0 0
8e028f9398a94c0a24918a36ee548e0c 0 0 0 0 0 0 0 1 0 0 0 0 0 0 0 0 0 0 0 0 0 0 0 0 0 0 0 0 0 0 0 0
7cc6bca18d34db1bda03e0c0e633f9c3 0 0 0 0 0 0 0 1 0 0 0 0 0 0 0 0 0 0 0 0 0 0 0 1 0 0 0 0 0 0 0 0
8ebdb10a5aef9e8ea93d502a7dcf440a 0 0 0 0 0 0 0 1 0 0 0 0 0 0 0 0 0 0 0 0 0 0 0 0 0 0 0 0 0 0 0 0
5f8a964ec752900c2c5bdf4561a05849 1 1 1 0 1 0 0 0 0 0 1 0 0 0 1 1 1 1 0 0 0 1 1 1 1 0 0 0 0 1 0 0
00ad6a3fedc432f1dc55dd53422ff23b 1 0 1 0 1 0 0 0 0 0 1 0 0 0 1 1 0 1 0 0 0 1 1 1 1 0 0 0 0 1 0 0
d51ec29d235e8f56566e72c8296bf58e 0 0 0 0 0 0 0 0 0 0 0 0 0 0 0 1 0 0 0 0 0 0 0 0 0 0 0 0 1 0 0 0
a0eee09514dc529e784fb8ccf04a16e7 0 0 0 0 0 0 0 0 0 0 0 0 0 0 0 1 0 0 0 0 0 0 0 0 0 0 0 0 1 0 0 0
7ff51edfe9b1e376bb2c05c0667ea08a 0 0 0 0 0 0 0 0 0 0 0 0 0 0 0 1 0 0 0 0 0 0 0 0 0 0 0 0 1 0 0 0
32c88553d94900ccce2ddc94bd80051a 0 0 0 0 0 0 1 0 0 0 0 0 0 0 0 0 0 0 0 0 0 0 0 0 0 0 0 0 0 0 0 0
5bab64b683978b8dc791f631309f39ab 0 0 0 0 0 0 0 0 0 0 0 0 0 0 0 0 0 0 0 0 0 0 0 0 0 1 1 1 0 0 1 1
7a4d30e7c10bddd8d6745bd6f2883632 0 0 0 0 0 0 0 0 0 0 1 0 0 0 0 0 0 0 1 0 0 0 0 0 0 0 0 0 1 0 0 0
eb12ce6d95e9ad7f41c946483a4c28db 0 0 0 0 0 0 0 0 0 0 1 0 0 0 0 0 0 0 0 0 0 0 0 0 0 0 0 0 0 0 0 0
8a4139705e5d570bce8b27371000eaa2 0 0 0 0 0 0 0 0 0 0 1 0 0 0 0 0 0 0 0 0 0 0 0 0 0 0 0 0 0 0 0 0
d63366ca996998b74e712bf094d8c5b1 0 0 0 0 0 0 0 0 0 0 0 0 0 0 0 1 0 0 0 0 0 0 0 0 0 0 0 0 0 0 0 0
13654e1a96809ab2c38870f7fd0316d0 0 0 0 0 0 0 0 0 0 0 0 0 0 0 0 1 0 0 0 0 0 0 0 0 0 0 0 0 0 0 0 0
f7cf3a8625896c0b7e7afca01dfcc848 0 0 0 0 0 0 0 0 0 0 1 0 0 0 0 1 0 0 0 0 0 0 0 0 0 0 0 0 0 0 0 0
d889d785a1186a50a5cb7b6630d3287f 0 0 0 0 0 0 0 0 0 0 1 0 0 0 0 0 0 0 0 0 0 0 0 0 0 0 0 0 0 0 0 0
20355c224b80029cc9043be565f1f08d 0 0 0 0 0 0 0 0 0 0 1 0 0 0 0 0 0 0 0 0 0 0 0 0 0 0 0 0 0 0 0 0
c32321d65e26dc6a0aa1a7188e0e7758 0 0 0 0 0 0 0 0 1 0 1 0 0 0 0 1 0 0 0 0 0 0 0 0 0 0 0 0 0 0 0 0
a9bf0331735762f44f55821ccaaa45b0 0 0 0 0 0 0 0 0 0 0 0 0 0 0 0 1 0 1 0 0 0 0 0 0 0 0 0 0 0 0 0 0
