000_md5sum SAPQAS VIWL2L adclient ansible-command backupadm console-kit-daemon corosync crm-fence-peer.sh dqbpshdb gdm-session-worker gdm-simple-greeter gnome-session kernel logd lonftmsrcappu lrmd mgmtd nrpe pdbpshdb rchal sapbatch sapqas slapd syslog-ng vmusr yval04i yval1a
d8f0bcbb06b7d64ec4f6a992b240d4aa 0 0 0 0 0 1 0 0 0 1 0 0 0 1 0 0 0 0 0 0 0 0 0 1 1 0 0
1e559b32a1c09b7436021d3b0b756ab2 0 0 0 0 0 0 1 1 0 0 0 0 1 1 0 1 1 0 0 1 0 0 0 1 0 0 0
ad9ad590b87156436c162c6f2099c743 0 0 0 0 0 0 0 0 0 0 0 0 1 0 0 0 0 0 0 0 0 0 0 1 0 0 0
7f7778b69a2e0040b8b00070bb9bf729 0 0 0 0 0 0 0 0 0 0 0 0 0 0 0 0 0 0 0 0 0 0 0 1 0 0 0
1c89b31a8a4790741a5081b3db909e32 0 0 0 0 0 0 0 0 0 0 0 0 0 0 1 0 0 0 0 0 0 0 0 0 0 0 0
f785bba5367b20336742eaaedc1817f3 0 0 0 0 0 0 0 0 0 0 0 0 0 0 0 0 0 0 0 0 0 0 0 1 0 1 0
eabf345382508c01638b763fb251b913 0 0 0 0 0 0 0 0 0 0 0 0 0 0 0 0 0 0 0 0 0 0 0 0 0 1 0
0d25bd06a1633960b0fc5dab3f443080 0 0 0 0 0 0 0 0 0 0 0 0 0 0 0 0 0 0 0 0 0 0 0 0 0 0 1
4c964394f099845052e8c8cdc2dd5c8a 0 0 0 0 0 0 0 0 0 0 0 0 0 0 0 0 0 0 0 0 1 0 0 0 0 0 0
1a73237a8339fdffa23f48c393ebd97c 0 0 0 0 0 0 0 0 0 0 0 0 0 0 0 0 0 0 0 0 1 0 0 0 0 0 0
f304f3f108e95c432830fecc6f899451 0 0 0 0 0 0 0 0 0 0 0 0 0 0 0 0 0 0 0 0 0 0 1 1 0 0 0
d09ac02f636c219c490021375b2f08a4 0 0 0 0 0 0 0 0 0 0 0 0 0 0 0 0 0 0 0 0 0 0 1 1 0 0 0
5b79d6cf539f37a71d400d376a1f81e7 0 0 0 0 0 0 0 0 0 0 0 0 0 0 0 0 0 0 0 0 0 0 1 1 0 0 0
9352522b17d34215644fa681a19d135d 0 0 0 0 0 0 0 0 0 0 0 0 0 0 0 0 0 0 0 0 0 0 0 1 0 0 0
e95f31806bed6d050c215d14b8f6ddaf 0 0 0 0 0 0 0 0 0 0 0 0 0 0 0 0 0 0 0 0 0 0 1 1 0 0 0
e2a98ed7c37b15115f021a339455d744 0 0 0 0 0 0 0 0 0 0 0 0 0 0 0 0 0 0 0 0 0 0 0 1 0 0 0
85a7f77d8561050b556e586c1c7ee726 0 0 0 0 0 0 0 0 0 0 0 0 0 0 0 0 0 0 0 0 0 0 1 1 0 0 0
3ec29b2ac490813f00f748fad8107a37 0 0 0 0 1 0 0 0 0 0 0 0 0 0 0 0 0 0 0 0 0 0 0 1 0 0 0
2b379b501fa10b6f673b2ffab465b6b8 0 0 0 0 0 0 0 0 0 0 0 0 0 0 0 0 0 1 0 0 0 0 0 0 0 0 0
773698cb477bebc93ac00c9630de6493 0 1 0 1 0 0 0 0 0 0 0 1 1 0 0 0 0 0 0 1 0 0 0 1 0 0 0
43ed0b871df840493d19cc4acd631fee 1 0 0 0 0 1 0 0 0 1 0 0 0 0 0 0 0 1 0 1 0 1 0 1 0 0 0
d9e9e99688f5b93336ffece33d2a49d8 1 0 0 0 0 1 0 0 0 1 1 0 0 0 0 0 0 1 0 1 0 1 0 1 0 0 0
fca2e97ed0022b8bdd9b7b1f896b2c23 0 0 1 0 0 0 0 0 0 0 0 0 0 0 0 0 0 0 0 0 0 0 0 1 0 0 0
26d8488885acab47430d0373bcd18313 0 0 0 0 0 0 0 0 0 0 0 0 0 0 0 0 0 0 1 0 0 0 0 0 0 0 0
b418f721e548a1bf2167a8c8439c8d0e 0 0 0 0 0 0 0 0 1 0 0 0 0 0 0 0 0 0 0 0 0 0 0 0 0 0 0
