000_md5sum Filesystem LVM SAPHana SAPInstance ampsv010sus0d ansible-command besclient cib crmd kernel lrmd lvm pengine salt-minion sbd xmpsl186phan
1e07ed0b3dbc01f3d018d7c0930634a7 0 0 0 0 0 0 0 0 0 1 0 0 0 0 0 0
dfd09597880a32071decaffdaa44a802 0 0 0 0 0 0 0 0 0 1 0 0 0 0 0 0
63ed0a98b98691920ff90ca095a266fd 0 0 0 0 0 0 0 0 0 1 0 0 0 1 0 0
c848dba8867700e63559d9ca65f8dd36 0 0 0 0 0 0 0 0 0 1 0 0 0 1 0 0
0460f71499e0146186114c92a1372ff5 1 0 0 1 0 0 0 0 1 1 0 1 1 0 0 0
0cba44e2327608e64d7ef37ca4060f4e 1 0 0 1 0 0 0 0 1 1 0 1 1 0 0 0
688ec849cdba8b57bbbd43824a20d2b2 0 0 0 0 0 0 0 0 0 0 0 0 1 0 0 0
63a2d7300867ab417be6b33617c51138 0 0 0 0 0 1 0 0 0 0 0 0 0 0 0 0
2da0cda33625f3286793375952daf0a9 0 0 0 0 0 1 1 0 0 1 0 0 0 0 0 0
8e81fb58329a5e747e03d6b67a4fc45b 0 0 0 0 0 1 0 0 0 0 0 0 0 0 0 0
715a95476f2a3ce26671b8950120d05c 0 0 0 0 0 0 0 0 0 0 0 0 0 0 0 1
efdda5756ce1fa8b1850d495b4df8bbc 0 0 0 0 0 1 0 0 0 1 0 1 0 0 0 0
c8c171e43db0ef8805650b64221e0c63 0 0 0 0 0 1 0 0 0 0 0 0 0 0 0 0
76b8044f6922f88990c67c9354a9a6a1 0 0 1 0 0 0 0 1 1 0 0 0 1 0 0 0
51ae396a2dbff40405c8dfabef01a4df 0 0 0 0 0 0 0 0 0 0 0 0 1 0 0 0
21c63f919df02a9e58fbcedd4ee562dc 1 1 0 0 0 0 0 1 1 1 1 1 0 0 1 0
d57e1318cfc41ace73a459ed6e610e6a 0 0 0 0 1 1 0 0 0 0 0 0 0 0 0 0
9c522c3bfdfd21289750105a71d28190 0 0 0 0 0 0 0 0 0 1 0 0 0 0 0 0
