000_md5sum Cisco_Systems_Inc Dell_Inc. FUJITSU HP HPE LENOVO Lenovo QEMU SGI Thomas-Krenn.AG VMware,_Inc. Xen
f340e3e19a6eebd69f260d54473b31fa 0 0 0 0 0 0 1 0 0 0 0 0
878493c19848b185fe096d2be168a0b0 0 0 0 0 0 0 1 0 0 0 0 0
a447d9e0ce690aa97f28b2c484e9b7dd 0 0 0 0 0 0 1 0 0 0 0 0
b0874eb5b7e29bd86eac6ee68bdf339c 0 1 0 0 0 0 0 0 0 0 0 0
6a990b72a5a4a35ba36b0d02934510c3 0 0 0 0 0 0 0 1 0 0 0 0
52adaec27f516a67f5237bcd296e04c4 0 0 0 0 0 0 0 1 0 0 0 0
974aac3a7edf46bec0cefc9d65c27794 0 0 0 0 0 0 0 1 0 0 0 0
c307bf1c3fd7cbc1f25d54b760973f11 0 0 0 0 0 0 1 0 0 0 0 0
d40301268cdb94b49f383a73fdc5641e 0 0 0 0 0 0 1 0 0 0 0 0
75b75e0f3885628a9f5101892ae5b5a8 0 0 0 0 0 0 0 1 0 0 0 0
dc7fff42a020db31a4987a60596892fb 0 0 0 0 0 0 0 1 0 0 0 0
b8b4b5876d6fccc6c6545265e10d6be5 0 0 0 1 0 0 0 0 0 0 0 0
b74d710449b4126527a6a5d87df21d23 0 0 0 0 0 0 1 0 0 0 0 0
b6e152cf732ac3afbbf18ac5f2eae6da 0 0 0 0 0 0 1 0 0 0 0 0
2c06992e9b9aba7db7c3568452c11d10 0 0 0 0 0 0 1 0 0 0 0 0
856e57a37fb979452e20e97bd88a3dd3 0 0 0 0 0 0 1 0 0 0 0 0
284a86854ddeded33ef9f8f73a578972 0 0 0 0 0 0 0 0 0 0 1 0
a58be7065bf5c4b1f1f15dfafabf50c0 0 0 0 0 0 0 0 0 0 0 1 0
5a787c9e6c488c3f6991406688005d4f 0 1 0 0 0 0 0 0 0 0 0 0
b1ad2eba417f83408e8a135ebfb4b557 0 1 0 0 0 0 0 0 0 0 0 0
153da0f3208168978d5d044b849219b3 0 1 0 0 0 0 0 0 0 0 0 0
a10eca9c8b9dfb4a661f2c52ec99f66e 0 1 0 0 0 0 0 0 0 0 0 0
f0be37a1954c56725ca13d6297f19b44 0 1 0 0 0 0 0 0 0 0 0 0
7c16eaa7e93a7ab0e3d5cfd08e77fac2 0 1 0 0 0 0 0 0 0 0 0 0
9e8f5c7a2a726799cd200d315f489725 0 1 0 0 0 0 0 0 0 0 0 0
ac36ed5d3e079c6df64cbc64493afec5 0 1 0 0 0 0 0 0 0 0 0 0
ec1bbf45430ce8f6773cb31b06fddafc 0 1 0 0 0 0 0 0 0 0 0 0
c15e116abab33ea0362be8617b899d96 0 1 0 0 0 0 0 0 0 0 0 0
76f76115ac042a65dd282c2eaa570c32 0 0 0 0 0 0 0 1 0 0 0 0
0f202d99b17fc77c5f5e242f116d9870 0 0 0 0 0 0 0 1 0 0 0 0
72d6d6fe05a6f44c323dcc6138cd3da8 0 0 0 0 0 0 0 1 0 0 0 0
8887c47dba1944b139180dd0a6f4cc58 0 1 0 0 0 0 0 0 0 0 0 0
7f4208e806f22d3112377c9c9130539d 0 1 0 0 0 0 0 0 0 0 0 0
6258e0344270258358225ac484b19e99 0 1 0 0 0 0 0 0 0 0 0 0
a059f10116563e373a9713417fe1fca0 0 1 0 0 0 0 0 0 0 0 0 0
0e17f2666f26bf15e034a99d406e2041 0 1 0 0 0 0 0 0 0 0 0 0
04bce1370db22a4ebfaddba5b6b42fc4 0 0 0 0 0 0 0 1 0 0 0 0
68a024d69949d712a026e27c6672e19b 0 1 0 0 0 0 0 0 0 0 0 0
4fe8991d39b3ca1efdd89cfa862a3735 0 1 0 0 0 0 0 0 0 0 0 0
e8e01da5561b7caeeb9ab495835d70e1 0 0 0 0 0 0 0 0 0 0 0 1
93a3eab48dce07c804e734c7c9515ba9 0 0 0 0 0 0 0 0 0 0 0 1
5c3b4b00ce17cf9cb499ffe33fba8f7c 0 0 0 0 0 0 0 0 0 0 0 1
5029ad13412468e499aa3177eeb8a742 0 0 0 0 0 0 0 1 0 0 0 0
626fcedd630652fdfd3a59b13bf3b720 0 0 0 0 0 0 0 1 0 0 0 0
e169444fe51ebe6baba6c95b441ba8ef 1 0 0 0 0 0 0 0 0 0 0 0
a1c56c67e061276b67dc6bc951d2b7fc 1 0 0 0 0 0 0 0 0 0 0 0
de2ee43fb5e6292ab3bf788125ba38fc 1 0 0 0 0 0 0 0 0 0 0 0
0688efbdea09c00b7dc9f535c5d6f2b5 1 0 0 0 0 0 0 0 0 0 0 0
f43ba21b6a1380457f30aa1c8ac229bd 0 0 0 0 0 1 0 0 0 0 0 0
046b570e1d54c3c6945695a8ab228ab8 0 0 0 0 0 0 0 1 0 0 0 0
b6353f576a16fb7210b5a6554e5c7c2b 0 0 0 0 0 0 0 0 0 0 0 1
5c657d050080d20ca084ecd75cf9441a 0 0 0 0 0 0 0 0 0 0 0 1
e9792ae56ab0835aa1eb6acd06440759 0 0 0 0 0 1 0 0 0 0 0 0
e63eac0904fb8fb99ab0f0a1127e1f2a 0 1 0 0 0 0 0 0 0 0 0 0
eadb501fb963e8d32688069fca6b5795 0 1 0 0 0 0 0 0 0 0 0 0
44a8f12ef07a67b961f5d17b98bda11d 0 0 0 0 0 0 0 1 0 0 0 0
b5904c3f2057340cbc2b53fac2798798 0 0 0 0 0 0 0 1 0 0 0 0
5fab52f69803d780ab3e21b8db0e923f 0 0 0 0 0 0 0 1 0 0 0 0
4e67730d46ede2169296bcd1a9acd36e 0 1 0 0 0 0 0 0 0 0 0 0
de8fa0a467aa3406850b533a9e7a65d0 0 1 0 0 0 0 0 0 0 0 0 0
89c789bc5df0917f0f11196c3e14e30d 0 0 0 0 0 0 0 1 0 0 0 0
cba5febfae35516b1f650506e54563e2 0 0 0 0 0 0 0 1 0 0 0 0
05abe4c3b22084d2136d28a2edecfcf5 1 0 0 0 0 0 0 0 0 0 0 0
102cb973fd3006255d48591870fd28bc 1 0 0 0 0 0 0 0 0 0 0 0
774bc1ceabd9f9a41bf7ab80436f37a8 1 0 0 0 0 0 0 0 0 0 0 0
d19a64909ca97bcf6b6981fa95d403ac 0 0 0 0 0 1 0 0 0 0 0 0
c0eb9dfcb40f84afa21c470a508f107f 1 0 0 0 0 0 0 0 0 0 0 0
803b877a18e871f7a405c89989e3dfbd 0 0 0 0 0 1 0 0 0 0 0 0
7025b9b854fe0a2c8f7f253244c80c91 1 0 0 0 0 0 0 0 0 0 0 0
7a083c1a66479f93a6a12da48f2b201c 1 0 0 0 0 0 0 0 0 0 0 0
0b04abce448738c945224fee4443f681 0 0 0 0 0 0 1 0 0 0 0 0
d9f4d077eec19300f0efab54b93be482 0 0 0 0 0 0 1 0 0 0 0 0
87e5f555366023254ff5965f025ece93 0 0 0 0 0 0 1 0 0 0 0 0
5191e50266169a097ecf1752850729ce 0 0 0 0 0 0 0 1 0 0 0 0
8d9438f11adf0547b784b7643ed6bd05 0 0 0 0 0 0 1 0 0 0 0 0
36af3f5f13bbb92c272ff44f6cd21c5b 0 0 0 0 0 0 0 0 0 0 0 1
e5f49d78f542c24ece22965b00dc61c1 0 0 0 0 0 0 1 0 0 0 0 0
55145a1d79402ae4d8a876b449eded83 0 0 0 0 0 0 0 1 0 0 0 0
64ebd4a45d4163935872a774c1e7f17d 0 0 0 0 0 0 1 0 0 0 0 0
b33cf4b76448a49b4ab4ed284d52e04a 0 0 0 0 0 0 1 0 0 0 0 0
ac7291ea013bd0a1bf49b13ecf6a13fc 0 0 0 0 0 0 0 0 0 0 0 1
e2d12c83c757f1914616c9c9cc7f3ca9 0 0 0 0 0 0 0 0 0 0 0 1
fb5c49fcf9dad00eb193d2f54a94bf3a 0 0 0 0 0 0 1 0 0 0 0 0
eb77d2566af5b1977de3537771208a00 0 0 0 0 0 0 1 0 0 0 0 0
023e5fc73a1414627feddaa3d04c5c21 0 0 0 0 0 0 1 0 0 0 0 0
f2afe1a362de4eeefda45d47eefcd39e 0 0 0 0 0 0 0 1 0 0 0 0
31b97b38b92c6cfde6cbd6c142a964e9 0 0 0 0 0 0 1 0 0 0 0 0
e0d3831ed73e5903b6c044503258a1b3 0 0 0 0 0 0 0 0 0 0 0 1
064665942dffa3e569160db203149443 0 0 0 0 0 0 1 0 0 0 0 0
de0f571c146dc5d66a7ed244c8833b63 0 0 0 0 0 0 1 0 0 0 0 0
fcd8dc7998561add503a62c103d649dc 0 0 0 0 0 0 1 0 0 0 0 0
6acdd4545883f5d0e5c49cbe2b2f1075 0 0 0 0 0 0 0 1 0 0 0 0
ff223bebd7c9aa14a497e7a4e98ee918 0 0 0 0 0 0 1 0 0 0 0 0
73fe1658c4f5adfcea7e328ba8d4a71d 0 0 0 0 0 0 1 0 0 0 0 0
9284ba83161185902dfc81b92aac4643 0 0 0 0 0 0 0 0 0 0 0 1
1f56621ad6364d0ef030362beeccaae1 0 0 0 0 0 0 1 0 0 0 0 0
c8883130cb607a71395352e9bb4896c5 0 0 0 0 0 0 0 1 0 0 0 0
b6568ff60cf705b85cfb1d0bb181a82e 0 0 0 0 0 0 1 0 0 0 0 0
532c6cc7991096a8caa96e274ee042d3 0 0 0 0 0 0 0 0 0 0 0 1
d95f059e8f1cc8d329be744d803a5906 0 0 0 0 0 0 0 0 0 0 0 1
bfa4180e455e3d9e8ce4321d6d031697 0 0 0 0 0 0 1 0 0 0 0 0
1702ce12d1f8f87d828f60e427ea3920 0 0 0 0 0 0 1 0 0 0 0 0
390b556a03b613aed1f7311e0ac64144 0 0 0 0 0 0 0 0 0 0 1 0
4f4b2ee165da3ff0a957958d63fc836a 0 0 0 0 0 0 0 0 0 0 1 0
e2d80c63e4af2c20eab725fba6ab5dea 0 0 0 0 0 0 0 0 0 0 1 0
99495ee7a55b2cf91e2c3108b9ebd6cd 0 0 0 0 0 0 0 0 0 0 1 0
bafcb288e0977851c9a6d005be59c26f 0 0 0 0 0 0 1 0 0 0 0 0
a7e7b052458af752372e7b01d6480bf5 0 0 0 1 0 0 0 0 0 0 0 0
74b30d354ff1f84b2d693e21aee7f124 0 0 0 1 0 0 0 0 0 0 0 0
9f57390f1cf1eb85a2d15c3869bb3baf 0 0 0 1 0 0 0 0 0 0 0 0
93fc27fd2a9097d961e0d7678af786fd 0 0 0 1 0 0 0 0 0 0 0 0
9957fa364b0a2f3499c0c4568f7cc57c 0 0 0 1 0 0 0 0 0 0 0 0
69a8eb781d29b168c64ed043bf1b75c6 0 0 0 1 0 0 0 0 0 0 0 0
590a7ceded4304da4e872b8d93e17447 0 0 0 1 0 0 0 0 0 0 0 0
eea98c8fd1c21d129e7a0cce64bdd8b7 0 0 0 0 0 0 0 1 0 0 0 0
18519ed405800fe5f1dc8799fb7ddceb 0 0 0 0 0 0 0 1 0 0 0 0
439b7d2bbedc0f50b32668bb6357cf38 0 0 0 0 0 0 0 0 0 0 1 0
59a7bb761d81f1e8ec9297662fcff56b 0 0 0 0 0 0 0 0 0 0 1 0
1f74d1d7bc56ee016b9b6f31a9a9c9a2 0 0 0 0 0 0 1 0 0 0 0 0
1eb636cd4ccfa1eb80f46173608ab0ad 0 0 0 0 0 0 1 0 0 0 0 0
88a1a236e3faca0991edb1ae04988b16 0 0 0 0 0 0 1 0 0 0 0 0
3cefce475feaeaf6f7290a33f342321b 1 0 0 0 0 0 0 0 0 0 0 0
f8e71e885aeedda5aa227891335e8be6 1 0 0 0 0 0 0 0 0 0 0 0
66d5d78e85588401496871132562ad2c 1 0 0 0 0 0 0 0 0 0 0 0
0c684cf38b981ec16d62cb6dc883731f 0 0 0 0 0 0 0 0 0 0 1 0
be398b2e6f9860f63a17947c477b9027 0 0 0 0 0 0 0 0 0 0 1 0
2e47a0c7f60f9aad99be9213ed770a43 0 0 0 1 0 0 0 0 0 0 0 0
bd9ee010ca9a8ee181ffc86c7a5e2b36 0 0 0 1 0 0 0 0 0 0 0 0
e84dab860d2a4621c217a1ab5321af30 0 0 0 1 0 0 0 0 0 0 0 0
5435cf8b08562f6a6cfe275d5397568e 0 0 0 0 0 0 0 0 0 0 1 0
704e95aa61baacae0965c6d43ebfbe7e 0 0 0 0 0 0 0 0 0 0 1 0
b226eb4bf08ebae7cc338ecdb30ffc00 1 0 0 0 0 0 0 0 0 0 0 0
8fc1102c51aca9bd3aff010ef90e5030 1 0 0 0 0 0 0 0 0 0 0 0
5914e2e24f523df4b8cd6cae89ba96d9 1 0 0 0 0 0 0 0 0 0 0 0
7c1e26b701751f3efc40a61fceb9890a 0 0 0 0 0 0 0 0 0 0 1 0
a131b7de7f213884f992d6148542db25 0 0 0 0 0 0 0 0 0 0 1 0
56fc86389c0b2db2cb2609ce595f5bbf 0 0 0 0 0 0 1 0 0 0 0 0
f5201c03e9f46c278b7c04ffbd3cff36 0 0 0 0 0 0 1 0 0 0 0 0
7205516dc9c1559f3e762d75ed75d69c 0 0 0 0 0 0 0 1 0 0 0 0
44b5f80ae425ebe7588afaf5dbcbd4c0 0 0 0 0 0 0 0 1 0 0 0 0
973bfe0c33a128f442c9200241f2c0eb 0 0 0 1 0 0 0 0 0 0 0 0
c77c2b8da2f001ea445b076f7abb4030 0 0 0 0 0 0 1 0 0 0 0 0
3ad03f9f9cfe8c3ddda63ece695b31f6 0 0 0 0 0 0 0 1 0 0 0 0
5ea25f576bb962b1cf2d1bc865d89db3 0 0 0 0 0 0 0 1 0 0 0 0
987c0a4fa84a39a9503c0b244b680e81 0 0 0 1 0 0 0 0 0 0 0 0
0035a961a3a2e8b76535c18cca363499 0 0 0 0 0 0 0 0 0 0 1 0
452f80dbb7609dc3db84eff763cfafb2 0 0 0 0 0 0 0 0 0 0 1 0
c61c136ccbea8ec305b0a80bcf00c9e1 0 1 0 0 0 0 0 0 0 0 0 0
c647468803412e0d1b659db5298c24c8 0 0 0 0 1 0 0 0 0 0 0 0
084fb691a11f6f72ddbdcd70af7e0d10 0 1 0 0 0 0 0 0 0 0 0 0
f4b8f91aa8e37b60b027818950e07b9c 0 1 0 0 0 0 0 0 0 0 0 0
5ca0ef75f8d72458b41af50a86817c0c 0 1 0 0 0 0 0 0 0 0 0 0
161348995ae9c4af51c4352cabce7cfd 0 1 0 0 0 0 0 0 0 0 0 0
b68cf406b335136948ebb16b27c2ee3e 0 1 0 0 0 0 0 0 0 0 0 0
194ebf86cce9953fef9ac5cb91377990 0 0 0 0 0 0 0 0 0 0 1 0
321743d680283bcc323b2cc59ac6c1a8 0 0 0 0 0 1 0 0 0 0 0 0
fe049a04774a2277ddafcf147081a0d7 0 0 0 0 0 1 0 0 0 0 0 0
469a65486b3d642325b4080bc7c1d932 0 0 0 0 1 0 0 0 0 0 0 0
735e78be670e813511b8a25fbaef82b1 0 1 0 0 0 0 0 0 0 0 0 0
e61538e59840e890fca6c4e26a565b93 0 0 0 0 1 0 0 0 0 0 0 0
d5697fe0a0f31251d00d5033e70b0157 0 0 0 0 1 0 0 0 0 0 0 0
99ddbc1d6d020b2b499f5931782fafa0 0 1 0 0 0 0 0 0 0 0 0 0
5549a230b5a03c601275240f9f9dcb7c 0 1 0 0 0 0 0 0 0 0 0 0
176a8a0728412988c58cd0741e9787c0 0 1 0 0 0 0 0 0 0 0 0 0
62d5377c31895b28f18480ae4846867a 0 1 0 0 0 0 0 0 0 0 0 0
136a83986789f231bf67bf1344d3dff6 0 0 0 0 0 0 0 1 0 0 0 0
d7e09113ebd68442068ae3373b5ecd76 0 1 0 0 0 0 0 0 0 0 0 0
9b43ef750849b065318466291cb442e1 0 1 0 0 0 0 0 0 0 0 0 0
190384fa687b1b9ea554c5326039a660 1 0 0 0 0 0 0 0 0 0 0 0
52a880a5c4eaeb7ba72f791c5af8bb27 0 0 0 0 0 0 0 0 1 0 0 0
59ea79640084b967871a4a49c864064d 0 0 0 0 0 0 0 0 1 0 0 0
d00d9265d7e36a521ef4b28bd850306e 0 0 1 0 0 0 0 0 0 0 0 0
2ff372d82b36b04856acf49e63ec2d6b 0 0 1 0 0 0 0 0 0 0 0 0
7c8623e89fe0044a2a10108152c6a998 0 0 0 0 0 0 0 1 0 0 0 0
0a3f79159dd6c38437cf89f21fbc9cf3 0 0 0 0 0 0 0 1 0 0 0 0
0a0487adb1f834152cdf2bba3f84d9f1 0 1 0 0 0 0 0 0 0 0 0 0
edde7fb329e71d76d9a1ecb9f0aede9a 0 1 0 0 0 0 0 0 0 0 0 0
ac7bd16b604ce791b5b5407c4e3a4027 0 0 0 0 0 0 0 0 0 1 0 0
6e1eed638673455aad1617d118dddff6 0 1 0 0 0 0 0 0 0 0 0 0
9f68a63603fe588170b86f7153ebe3a5 0 0 0 0 0 0 0 1 0 0 0 0
702d07cf17e5dff84d04046b4c09377b 0 0 0 0 1 0 0 0 0 0 0 0
076b1f07af215f67d6f8988f7790f13f 0 1 0 0 0 0 0 0 0 0 0 0
