000_md5sum Cisco_Systems_Inc Dell_Inc. HP Hewlett-Packard Lenovo Nutanix Prime_Computer QEMU Supermicro VMware,_Inc.
f340e3e19a6eebd69f260d54473b31fa 0 0 0 0 1 0 0 0 0 0
878493c19848b185fe096d2be168a0b0 0 0 0 0 1 0 0 0 0 0
a447d9e0ce690aa97f28b2c484e9b7dd 0 0 0 0 1 0 0 0 0 0
b0874eb5b7e29bd86eac6ee68bdf339c 0 1 0 0 0 0 0 0 0 0
6a990b72a5a4a35ba36b0d02934510c3 0 0 0 0 0 0 0 1 0 0
52adaec27f516a67f5237bcd296e04c4 0 0 0 0 0 0 0 1 0 0
974aac3a7edf46bec0cefc9d65c27794 0 0 0 0 0 0 0 1 0 0
c307bf1c3fd7cbc1f25d54b760973f11 0 0 0 0 1 0 0 0 0 0
d40301268cdb94b49f383a73fdc5641e 0 0 0 0 1 0 0 0 0 0
75b75e0f3885628a9f5101892ae5b5a8 0 0 0 0 0 0 0 1 0 0
dc7fff42a020db31a4987a60596892fb 0 0 0 0 0 0 0 1 0 0
b8b4b5876d6fccc6c6545265e10d6be5 0 0 1 0 0 0 0 0 0 0
b74d710449b4126527a6a5d87df21d23 0 0 0 0 1 0 0 0 0 0
b6e152cf732ac3afbbf18ac5f2eae6da 0 0 0 0 1 0 0 0 0 0
2c06992e9b9aba7db7c3568452c11d10 0 0 0 0 1 0 0 0 0 0
856e57a37fb979452e20e97bd88a3dd3 0 0 0 0 1 0 0 0 0 0
1d9a749e55ff17ffd1782d64b550ebf3 0 0 0 0 0 0 0 0 0 1
327695c2bcb13186289d1e5f9398f97e 0 0 0 0 0 0 0 0 0 1
b4000c7a67cf83bc9490d2d359264138 0 0 0 0 0 0 1 0 0 0
ccdaea78b92ba07808f197cae26e07e5 0 0 0 0 0 1 0 0 0 0
8634db8eeac5fcdaf813c72bb1a43b6c 0 0 0 0 0 0 0 0 0 1
8ee04f46eb9cc8eeb0b06d2ee7db7bf2 0 0 0 1 0 0 0 0 0 0
8e3546aef767fb8dff5f284cac4542f0 0 0 0 0 0 0 0 0 0 1
ed6cae9a0d69d390f166c5a879e253ce 0 0 0 0 0 0 0 0 0 1
15238bb121fb98436f6e386a3c5302f8 0 0 0 0 0 0 0 0 0 1
c8fa977860b2823ac742234bd2b05607 0 0 0 0 0 0 0 0 0 1
74929fc75a12b91be4360ae7f10cbedf 0 0 0 0 0 1 0 0 0 0
7a6ee8c1b6f1fa57e426f7e9e838102d 1 0 0 0 0 0 0 0 0 0
b066fbc17d35ee187fb7adfff2fc8f77 0 0 0 0 1 0 0 0 0 0
0ba0987e5613845981c000e12de27eb3 0 0 0 0 0 0 0 1 0 0
02303b3529418dae9d20426e0c7cfd3c 0 0 0 0 0 0 0 1 0 0
288b363b5c3ea848914bbe9829a5b477 0 0 0 0 0 0 0 0 1 0
61a9447f839d5a60c283ff09b9645147 0 1 0 0 0 0 0 0 0 0
e9519f52152eded75acb8efc2c605052 1 0 0 0 0 0 0 0 0 0
67633a45a97c1ce91d6a324a0ebc3467 1 0 0 0 0 0 0 0 0 0
24cdfc8443ca0db4ca9fb1ee6250374c 1 0 0 0 0 0 0 0 0 0
d09f3c56f6a3a48030a120d86cdbdc5a 1 0 0 0 0 0 0 0 0 0
6fe8d52bc608928e2ba260051bb2a4a9 0 0 0 0 1 0 0 0 0 0
ebfd7f115c1267d4e11526c938b7b668 0 0 0 0 0 0 0 1 0 0
8c81399a059c5612946e50bea49bc524 0 0 0 0 0 0 0 1 0 0
e806c32720987edbb8f1505eefe85b59 0 0 0 0 1 0 0 0 0 0
5f06c9bfeb3cf20d52a9ff41e88fb0d8 0 0 0 0 0 0 0 1 0 0
a9a525b458789264f383420c1ec1379d 0 0 0 0 0 0 0 1 0 0
52e13b5eef4d2aab31855d7250d84f33 0 0 1 0 0 0 0 0 0 0
58fda81b4e24b63c6be59a1c0039c8f0 0 0 1 0 0 0 0 0 0 0
774e9d043320c520c99b897b31b513f3 0 0 1 0 0 0 0 0 0 0
1165a82ad385ec33e3492cd5bfb87c14 0 0 0 0 1 0 0 0 0 0
b327c78ba224a653b0840d388f6662cb 0 0 0 0 1 0 0 0 0 0
dd9d1a307ab20c20ec46cb75ba2909d8 0 0 0 0 1 0 0 0 0 0
1468c0ca29b0da40fa38882fcef3bc0f 0 0 0 0 0 0 0 1 0 0
a9d068aa1a9c31a32bdb2c1a302c3ea7 0 0 0 0 1 0 0 0 0 0
657168b3d12fec35376e1ce375f8e11d 0 0 0 0 0 0 0 1 0 0
0911c12adf2c6e57caf050b8f18260c0 0 0 0 0 0 0 0 1 0 0
420026608fefe246d5aa49d3819cc4cf 0 1 0 0 0 0 0 0 0 0
655c9235eaa5a6c5f4ed68b2ffc8315a 0 1 0 0 0 0 0 0 0 0
