000_md5sum cron kernel liblogging-stdlog master pengine
1e07ed0b3dbc01f3d018d7c0930634a7 0 1 0 0 0
dfd09597880a32071decaffdaa44a802 0 1 0 0 0
b11aab6344815cde37dc2eeccfe99a98 1 1 1 1 0
1eca360390c6d3fc173ec801a7c7d610 0 1 0 0 0
340fa0c99c8acec05952337def820164 0 1 0 0 0
0460f71499e0146186114c92a1372ff5 0 1 0 0 0
0cba44e2327608e64d7ef37ca4060f4e 0 1 0 0 0
688ec849cdba8b57bbbd43824a20d2b2 0 0 0 0 1
63a2d7300867ab417be6b33617c51138 0 1 0 0 0
2da0cda33625f3286793375952daf0a9 0 1 0 0 0
8e81fb58329a5e747e03d6b67a4fc45b 0 1 0 0 0
