000_md5sum Filesystem LVM-activate dbus-run-session gdm-Xorg gdm-x-session gnome-session-binary irqbalance kernel org.gnome.Shell.desktop pacemaker-controld pacemaker-execd pacemaker-schedulerd sbd smbd spice-vdagent
b0874eb5b7e29bd86eac6ee68bdf339c 0 0 0 0 0 1 0 0 1 0 0 0 0 0 0
c307bf1c3fd7cbc1f25d54b760973f11 0 0 0 0 0 1 0 0 0 0 0 0 0 0 0
d40301268cdb94b49f383a73fdc5641e 0 0 0 0 0 1 0 0 0 0 0 0 0 0 0
75b75e0f3885628a9f5101892ae5b5a8 0 0 0 0 0 1 0 0 0 0 0 0 0 0 0
dc7fff42a020db31a4987a60596892fb 0 0 0 0 0 1 0 0 0 0 0 0 0 0 0
b8b4b5876d6fccc6c6545265e10d6be5 0 0 0 0 0 1 0 0 0 0 0 0 0 0 0
4a71655a4758c9688606f4e3e25a91f1 0 0 0 0 0 1 0 0 0 0 0 0 0 0 0
0a1e926d9fc5016a144ebf53656a3697 0 0 0 1 0 1 0 0 0 0 0 0 0 0 0
b74d710449b4126527a6a5d87df21d23 0 0 0 0 1 1 0 0 0 0 0 0 0 0 0
f20ae47283aa477431d1cf39198f70ee 0 0 0 1 0 1 0 0 0 0 0 0 0 0 0
d3a38fb57331233c9a22ad5464c97aad 0 0 0 1 0 0 0 0 0 0 0 0 0 0 0
5a787c9e6c488c3f6991406688005d4f 0 0 0 0 1 1 0 0 0 0 0 0 0 0 0
b1ad2eba417f83408e8a135ebfb4b557 0 0 0 0 0 1 0 0 0 0 0 0 0 0 0
76f76115ac042a65dd282c2eaa570c32 0 0 0 0 0 1 0 0 0 0 0 0 0 0 0
0f202d99b17fc77c5f5e242f116d9870 0 0 0 0 0 1 0 0 0 0 0 0 0 0 0
a059f10116563e373a9713417fe1fca0 0 0 0 0 0 1 0 0 0 0 0 0 0 0 0
05d3c99c11110f7dd7fdee2302053bae 0 0 0 0 0 1 0 0 0 0 0 0 0 0 0
5029ad13412468e499aa3177eeb8a742 0 0 0 0 0 1 0 0 0 0 0 0 0 0 0
e169444fe51ebe6baba6c95b441ba8ef 0 0 0 0 1 1 0 0 0 0 0 0 0 0 0
de2ee43fb5e6292ab3bf788125ba38fc 0 0 0 0 1 1 0 0 0 0 0 0 0 0 0
0688efbdea09c00b7dc9f535c5d6f2b5 0 0 0 0 1 1 0 0 0 0 0 0 0 0 0
f43ba21b6a1380457f30aa1c8ac229bd 0 0 0 0 0 1 0 1 0 0 0 0 0 0 0
b6353f576a16fb7210b5a6554e5c7c2b 0 0 0 0 0 1 0 0 0 0 0 0 0 0 0
5c657d050080d20ca084ecd75cf9441a 0 0 0 0 0 1 0 0 0 0 0 0 0 0 0
e9792ae56ab0835aa1eb6acd06440759 0 0 0 0 0 1 0 1 0 0 0 0 0 0 0
e63eac0904fb8fb99ab0f0a1127e1f2a 0 0 0 0 0 1 0 0 0 0 0 0 0 0 0
5fab52f69803d780ab3e21b8db0e923f 0 0 0 0 0 1 0 0 0 0 0 0 0 0 0
89c789bc5df0917f0f11196c3e14e30d 0 0 0 0 0 0 0 0 0 0 0 0 0 0 1
cba5febfae35516b1f650506e54563e2 0 0 0 0 0 1 0 0 0 0 0 0 0 0 0
05abe4c3b22084d2136d28a2edecfcf5 0 0 0 0 1 1 0 0 0 0 0 0 0 0 0
102cb973fd3006255d48591870fd28bc 0 0 0 0 1 1 0 0 0 0 0 0 0 0 0
d19a64909ca97bcf6b6981fa95d403ac 0 0 0 0 0 1 0 1 0 0 0 0 0 0 0
803b877a18e871f7a405c89989e3dfbd 0 0 0 0 0 1 0 1 0 0 0 0 0 0 0
0b04abce448738c945224fee4443f681 0 0 0 0 0 1 0 0 0 0 0 0 0 0 0
5191e50266169a097ecf1752850729ce 0 0 0 0 0 1 0 0 0 0 0 0 0 0 0
8d9438f11adf0547b784b7643ed6bd05 0 0 0 0 0 1 0 0 0 0 0 0 0 0 0
64ebd4a45d4163935872a774c1e7f17d 0 0 0 0 0 1 0 0 0 0 0 0 0 0 0
ac7291ea013bd0a1bf49b13ecf6a13fc 0 0 0 0 0 1 0 0 0 0 0 0 0 0 0
e2d12c83c757f1914616c9c9cc7f3ca9 0 0 0 0 0 1 0 0 0 0 0 0 0 0 0
eb77d2566af5b1977de3537771208a00 0 0 0 0 0 1 0 0 0 0 0 0 0 0 0
023e5fc73a1414627feddaa3d04c5c21 0 0 0 0 0 1 0 0 0 0 0 0 0 0 0
064665942dffa3e569160db203149443 0 0 0 0 1 1 0 0 0 0 0 0 0 0 0
9284ba83161185902dfc81b92aac4643 0 0 0 0 0 1 0 0 0 0 0 0 0 0 0
b6568ff60cf705b85cfb1d0bb181a82e 0 0 0 0 0 1 0 0 0 0 0 0 0 0 0
4f4b2ee165da3ff0a957958d63fc836a 0 0 0 0 1 1 0 0 0 0 0 0 0 0 0
e2d80c63e4af2c20eab725fba6ab5dea 0 0 0 0 0 1 0 0 0 0 0 0 0 0 0
a7e7b052458af752372e7b01d6480bf5 0 0 0 0 0 1 0 1 0 0 0 0 0 0 0
74b30d354ff1f84b2d693e21aee7f124 0 0 0 0 0 1 0 1 0 0 0 0 0 0 0
9f57390f1cf1eb85a2d15c3869bb3baf 0 0 0 0 0 1 0 0 0 0 0 0 0 0 0
93fc27fd2a9097d961e0d7678af786fd 0 0 0 0 0 0 0 1 0 0 0 0 0 0 0
9957fa364b0a2f3499c0c4568f7cc57c 0 0 0 0 0 0 0 1 0 0 0 0 0 0 0
69a8eb781d29b168c64ed043bf1b75c6 0 0 0 0 0 1 0 0 0 0 0 0 0 0 0
590a7ceded4304da4e872b8d93e17447 0 0 0 0 0 1 0 1 0 0 0 0 0 0 0
18519ed405800fe5f1dc8799fb7ddceb 0 0 0 0 0 1 0 0 0 0 0 0 0 0 0
439b7d2bbedc0f50b32668bb6357cf38 0 0 0 0 0 0 0 1 0 0 0 0 0 0 0
59a7bb761d81f1e8ec9297662fcff56b 0 0 0 0 0 1 0 0 0 0 0 0 0 0 0
39fc6391c56e84cb9b35141605c042dc 0 0 0 0 0 1 0 0 0 0 0 0 0 0 0
dfe941906d103c04ac79372beb81cecc 0 0 0 1 0 1 0 0 0 0 0 0 0 0 0
1f74d1d7bc56ee016b9b6f31a9a9c9a2 0 0 0 0 1 1 0 1 0 0 0 0 0 0 0
e834d4f03d4d16f67178910b564ceaa2 0 0 0 0 0 1 0 0 0 0 0 0 0 0 0
a22c387311d016e45039ee5821bc9331 0 0 0 1 0 1 0 0 0 0 0 0 0 0 0
f8e71e885aeedda5aa227891335e8be6 0 0 0 0 0 0 1 0 0 0 0 0 0 0 0
66d5d78e85588401496871132562ad2c 0 0 0 0 1 1 0 1 0 0 0 0 0 0 0
0c684cf38b981ec16d62cb6dc883731f 0 0 0 0 0 1 0 0 0 0 0 0 0 0 0
2e47a0c7f60f9aad99be9213ed770a43 0 0 0 0 0 1 0 1 0 0 0 0 0 0 0
bd9ee010ca9a8ee181ffc86c7a5e2b36 0 0 0 0 0 0 0 1 0 0 0 0 0 0 0
e84dab860d2a4621c217a1ab5321af30 0 0 0 0 0 1 0 0 0 0 0 0 0 0 0
704e95aa61baacae0965c6d43ebfbe7e 0 0 0 0 0 1 0 0 0 0 0 0 0 0 0
b226eb4bf08ebae7cc338ecdb30ffc00 0 0 0 0 1 1 0 0 0 0 0 0 0 0 0
8fc1102c51aca9bd3aff010ef90e5030 0 0 0 0 0 1 0 0 0 0 0 0 0 0 0
5914e2e24f523df4b8cd6cae89ba96d9 0 0 0 0 0 1 0 0 0 0 0 0 0 0 0
7c1e26b701751f3efc40a61fceb9890a 0 0 0 0 0 1 0 0 0 0 0 0 0 0 0
44b5f80ae425ebe7588afaf5dbcbd4c0 0 0 0 0 0 1 0 0 0 0 0 0 0 0 0
973bfe0c33a128f442c9200241f2c0eb 0 0 0 0 0 0 0 1 0 0 0 0 0 0 0
c77c2b8da2f001ea445b076f7abb4030 0 0 0 0 0 1 0 0 0 0 0 0 0 0 0
5ea25f576bb962b1cf2d1bc865d89db3 0 0 0 0 0 1 0 0 0 0 0 0 0 0 0
987c0a4fa84a39a9503c0b244b680e81 0 0 0 0 0 1 0 1 0 0 0 0 0 0 0
084fb691a11f6f72ddbdcd70af7e0d10 0 0 0 0 1 1 0 0 0 0 0 0 0 0 0
f4b8f91aa8e37b60b027818950e07b9c 0 0 0 1 0 0 0 0 0 0 0 0 0 0 0
5ca0ef75f8d72458b41af50a86817c0c 0 0 0 1 0 0 0 0 0 0 0 0 0 0 0
161348995ae9c4af51c4352cabce7cfd 0 0 0 1 0 0 0 0 0 0 0 0 0 0 0
b68cf406b335136948ebb16b27c2ee3e 0 0 0 0 1 1 0 0 0 0 0 0 0 0 0
321743d680283bcc323b2cc59ac6c1a8 0 0 0 0 0 1 0 1 0 0 0 0 0 0 0
fe049a04774a2277ddafcf147081a0d7 0 0 0 0 0 1 0 1 0 0 0 0 0 0 0
735e78be670e813511b8a25fbaef82b1 0 0 0 0 1 0 0 0 0 0 0 0 0 0 0
e61538e59840e890fca6c4e26a565b93 0 0 0 0 1 1 0 0 0 0 0 0 0 0 0
d5697fe0a0f31251d00d5033e70b0157 0 0 0 0 1 1 0 0 0 0 0 0 0 0 0
99ddbc1d6d020b2b499f5931782fafa0 0 0 0 0 1 1 0 0 1 0 0 0 0 0 0
5549a230b5a03c601275240f9f9dcb7c 0 0 1 0 0 1 0 0 1 0 0 0 0 0 0
62d5377c31895b28f18480ae4846867a 0 0 0 0 0 0 0 1 0 0 0 0 0 0 0
190384fa687b1b9ea554c5326039a660 0 0 0 1 0 0 0 0 0 0 0 0 0 0 0
d00d9265d7e36a521ef4b28bd850306e 0 0 0 0 1 1 0 0 0 0 0 0 0 1 0
edde7fb329e71d76d9a1ecb9f0aede9a 1 1 0 0 0 0 0 0 0 1 1 1 1 0 0
ac7bd16b604ce791b5b5407c4e3a4027 0 0 0 0 0 0 0 1 0 0 0 0 0 0 0
6e1eed638673455aad1617d118dddff6 0 0 0 0 0 0 0 0 0 0 0 0 1 0 0
702d07cf17e5dff84d04046b4c09377b 0 0 0 0 1 0 0 0 0 0 0 0 0 0 0
076b1f07af215f67d6f8988f7790f13f 0 0 0 0 1 1 0 0 0 0 0 0 0 0 0
