000_md5sum SAPS csync gdm-Xorg gnome-session-binary gnome-shell gsd-datetime gsd-housekeepin gsd-keyboard gsd-media-keys gsd-power gsd-print-notif gsd-rfkill gsd-sharing gsd-smartcard gsd-sound kernel lsvpd rpc.gssd rsyslogd srcmstr sshd systemd systemd-coredump
9c9207617dfdff56af5afe1d70032ac5 0 0 0 0 0 0 0 0 0 0 0 0 0 0 0 1 0 0 0 0 0 0 0
56583e384da809a715d657fd7858d4fc 0 0 0 0 0 0 0 0 0 0 0 0 0 0 0 0 0 0 1 0 0 0 0
27a936806635a50143f174c18d391076 1 0 0 0 0 0 0 0 0 0 0 0 0 0 0 0 0 0 1 0 0 0 0
fb7ab379974c6a692103d367033d59b7 0 0 0 0 0 0 0 0 0 0 0 0 0 0 0 0 0 0 0 0 1 0 0
ccd48d232c84dd7e59025adecc690c8a 0 1 0 0 0 0 0 0 0 0 0 0 0 0 0 0 0 0 0 0 0 0 0
0172b844473a0561d8f2096b2c6b4d53 0 1 0 0 0 0 0 0 0 0 0 0 0 0 0 0 0 0 0 0 0 0 0
1286852142ad6ff4e6b1059e3a09bf6f 0 0 0 0 0 0 0 0 0 0 0 0 0 0 0 1 0 0 0 0 1 0 0
3851c772069037663d98d896c261a82c 0 0 0 0 0 0 0 0 0 0 0 0 0 0 0 0 0 0 0 0 1 0 0
64fccb4d2a0e04bc32b4025fc467b892 0 0 0 0 0 0 0 0 0 0 0 0 0 0 0 0 0 0 0 0 1 0 0
711788a4b0556d948f99ca8c1422eec9 0 0 1 0 0 0 0 0 0 0 0 0 0 0 0 0 0 1 0 0 1 0 0
f192050c396733298cb1a7783750eafb 0 0 0 0 0 0 0 0 0 0 0 0 0 0 0 1 0 0 0 1 1 0 1
cad0f80bc613c2ff0807d206de2aea27 0 0 1 0 0 0 0 0 0 0 0 0 0 0 0 0 0 0 0 0 1 0 0
9bf4d4eebe3c69d8f981b7c81784ffe9 0 0 1 1 1 1 1 1 1 1 1 1 1 1 1 1 0 0 0 0 1 0 0
52077acd9af6b859eb55367e15444ae6 0 0 0 0 0 0 0 0 0 0 0 0 0 0 0 0 1 0 1 0 0 1 0
bb25defb0e99f5efc3105628dc4d5a1e 0 0 0 0 0 0 0 0 0 0 0 0 0 0 0 0 0 0 0 0 1 0 0
6d03cadf6cb771c023fede01627df782 0 0 1 0 0 0 0 0 0 0 0 0 0 0 0 0 0 0 0 0 0 0 0
