000_md5sum SAPD SAPEDU SAPJVM SAPQ SAPR SAPS4H auditd kernel pacemaker-controld pbrun10. sapstartsrv sapuxuserchk sbd smtp sshd systemd-coredump
ded97121ab0067b5263e23f1425a7bd3 1 0 0 0 0 0 0 0 0 0 0 0 0 0 0 0
b3a5696fc2401381505c55a23997e9fd 0 0 0 0 1 0 0 0 0 0 0 0 0 0 0 0
6683eb922a87a15579b3177e63b12bbd 0 0 0 0 0 0 0 0 1 0 0 0 1 0 0 0
11c0e51bcfb2f3062e7b0a58246b48d0 0 0 0 1 0 0 0 0 0 0 0 0 1 0 0 0
89b2bd53ff76169310e8877e3c8a9e4e 0 0 0 0 0 0 0 0 1 1 0 0 0 0 1 0
a601c9addb95e725b58599b6d005c99c 0 1 0 0 0 1 0 1 0 0 1 0 0 0 0 1
5ed2e9a446eead9495d91020c4071b4b 0 0 0 0 0 0 0 1 0 0 0 0 0 0 1 0
e0e060e55a6735ad18edcae63b5b28e2 0 0 0 0 0 0 0 1 0 0 0 0 0 0 0 0
04e5749dd0931de2443a9524d2ecc819 0 0 0 0 0 0 0 0 0 0 0 0 1 0 0 0
5fe04d44c2fe1beaf9b4c19fce5b24d0 0 0 1 0 0 0 0 0 0 0 0 1 0 0 1 0
0ac105fe437cbb8b75231ac462af989d 0 0 1 0 0 0 0 0 0 0 0 0 0 0 1 0
fa641d9f2e6a18e2a9e4fedfd881aa3c 0 0 1 0 0 0 0 0 0 0 0 0 0 0 1 0
f02006c4534a4cf48f6c0b5e6dda16f2 0 0 1 0 0 0 0 0 0 0 0 0 0 0 0 0
0b8e2b53f4b0dfd04bcd394cc55b3644 0 0 0 0 0 0 0 0 0 0 0 0 0 0 1 0
733f186af5bc1c41239fa9126df78f20 0 0 0 0 0 0 1 1 0 0 0 0 0 0 1 0
22015a37eeac2bf76c8c0d850aa2e2ec 0 0 0 0 0 0 0 0 0 0 0 0 0 1 1 0
5003290be3e723ac3e4427214fd38262 0 0 0 0 1 0 0 1 0 0 0 0 0 0 0 0
0b8976cb6dae41a7a7a2bbece11c520a 0 0 0 0 0 0 0 1 0 0 0 0 0 0 1 0
