000_md5sum gnome-session-binary irqbalance kernel master org.gnome.Terminal org.gtk.vfs.Daemon postfix-script sshd
4e2aacf410f74a38f36723a958965f11 0 0 0 1 0 0 0 0
8cf290d2220585ed4062172a93084409 0 0 0 1 0 0 1 0
d5bd0d92090736981338d2c30e8e17ee 1 0 1 0 0 0 0 0
dc4a791aa92a7465a8441926a55901fd 0 0 0 0 0 0 0 1
600ae1d89df718e2be47553f80af7540 0 0 0 0 0 0 0 1
9a07f696ccd4b605ec472d930521a9ec 0 0 0 0 0 0 0 1
f69a58a821c9cf4f05bc1b7c5fce869d 0 1 1 0 0 0 1 0
aef4800eddb3e59cb9f67bebe1f25c86 1 0 1 0 1 1 1 0
c4a414f4a6936c78413bed76d3570cfb 1 0 0 0 1 0 1 0
